# D = 1, E = 1, I = 1, P = 0, R = -1, n = 500, N = 1, P = 0, w = 1, a = 0.1, b = 1000, e = 1, f = 1, g = 10, h = 0.1, r = 1681488258, s = 1, S = 0, x = 10, m = 0, Z = 1, z = 0, T = 1, t = 1
# 10012 tokens in 1027 sentences
#
# It	Temp	Time	-logP	tables	same	changed	reject	default_pya	(parent pym pyn pya pyb)*
0	1	0.182889	40454.7	7766	0	1027	0	0.1 PrefixMorph 716 716 0.1 1000 StemSuffixMorphs 1027 1027 0.1 1000 Stem 1027 1027 0.1 1000 SuffixMorph 704 704 0.1 1000 SubMorph 4292 4292 0.1 1000
10	1	5.65144	22520.1	2288	300	727	0	0.1 PrefixMorph 283 882 0.425965 48.7616 StemSuffixMorphs 954 1027 0.970543 17.265 Stem 481 954 0.339465 160.899 SuffixMorph 193 705 0.41564 25.5539 SubMorph 377 1515 0.0833866 120.934
20	1	10.885	21558.6	2166	398	629	0	0.1 PrefixMorph 219 805 0.546988 10.4764 StemSuffixMorphs 988 1027 0.970798 0.203071 Stem 478 988 0.311316 168.785 SuffixMorph 141 744 0.0257941 46.8364 SubMorph 340 1449 0.141536 95.2802
30	1	15.8916	21165	2120	495	532	2	0.1 PrefixMorph 200 806 0.37805 28.2166 StemSuffixMorphs 994 1027 0.969811 0.000151474 Stem 480 994 0.274316 175.505 SuffixMorph 131 673 0.0013761 43.0746 SubMorph 315 1498 0.19554 61.4011
40	1	20.9318	21189.5	2102	481	546	1	0.1 PrefixMorph 175 787 0.32644 30.2822 StemSuffixMorphs 1003 1027 0.980467 2.23085 Stem 452 1003 0.297497 164.499 SuffixMorph 157 778 0.0275055 51.4288 SubMorph 315 1405 0.107349 88.2485
50	1	26.0933	21008.9	2063	477	550	0	0.1 PrefixMorph 174 791 0.358985 22.1987 StemSuffixMorphs 994 1027 0.963353 0.00104769 Stem 460 994 0.28021 182.014 SuffixMorph 134 743 0.0245123 43.1182 SubMorph 301 1402 0.0833733 97.0229
60	1	31.0328	21051.3	2088	496	531	2	0.1 PrefixMorph 171 782 0.382601 21.5044 StemSuffixMorphs 1001 1027 0.973928 0.00318194 Stem 472 1001 0.311231 146.892 SuffixMorph 156 766 9.90926e-06 68.1382 SubMorph 288 1438 0.0580417 90.6353
70	1	36.2281	20782.9	2098	558	469	3	0.1 PrefixMorph 157 772 0.421351 11.5041 StemSuffixMorphs 1008 1027 0.990305 0.0186681 Stem 466 1008 0.151837 219.484 SuffixMorph 169 758 0.0711822 49.3891 SubMorph 298 1431 0.0975497 83.4204
80	1	41.1438	20744.9	2062	553	474	2	0.1 PrefixMorph 149 758 0.458498 10.4338 StemSuffixMorphs 1002 1027 0.987363 9.02898e-09 Stem 474 1002 0.372138 156.952 SuffixMorph 151 775 0.100047 42.3181 SubMorph 286 1403 0.0089357 99.361
90	1	46.2799	20727.2	2083	537	490	1	0.1 PrefixMorph 143 760 0.307978 18.3205 StemSuffixMorphs 1004 1027 0.985145 8.1594e-06 Stem 498 1004 0.260599 252.293 SuffixMorph 149 741 0.0626449 41.106 SubMorph 289 1442 0.0239027 95.2812
100	1	51.4102	20489.4	2057	588	439	2	0.1 PrefixMorph 144 736 0.469689 5.73568 StemSuffixMorphs 998 1027 0.976958 4.21643e-06 Stem 476 998 0.29351 168.465 SuffixMorph 155 764 0.0258899 53.7546 SubMorph 284 1400 0.0630185 96.7092
110	1	56.5454	20856.8	2088	510	517	0	0.1 PrefixMorph 145 742 0.437051 11.2657 StemSuffixMorphs 994 1027 0.972804 8.51876 Stem 506 994 0.372806 175.225 SuffixMorph 160 761 0.0581535 61.1015 SubMorph 283 1460 0.01857 100.489
120	1	61.6329	20468.1	2099	571	456	0	0.1 PrefixMorph 141 759 0.334429 22.068 StemSuffixMorphs 1008 1027 0.990038 0.0844031 Stem 525 1008 0.386753 159.957 SuffixMorph 139 758 0.0671879 49.631 SubMorph 286 1434 0.0222404 88.8158
130	1	66.6558	20783.9	2107	520	507	1	0.1 PrefixMorph 158 765 0.400666 18.7017 StemSuffixMorphs 1002 1027 0.983988 1.64939 Stem 501 1002 0.245905 222.077 SuffixMorph 156 745 0.240654 25.7021 SubMorph 290 1428 0.081101 93.6982
140	1	71.6475	20690.7	2111	545	482	1	0.1 PrefixMorph 153 751 0.399739 11.1481 StemSuffixMorphs 993 1027 0.971486 58.8107 Stem 509 993 0.333523 176.388 SuffixMorph 152 763 0.108177 44.5696 SubMorph 304 1425 0.0993974 85.9117
150	1	76.9457	20491.1	2097	595	432	1	0.1 PrefixMorph 147 746 0.442053 17.4699 StemSuffixMorphs 1011 1027 0.982808 3.16705e-08 Stem 489 1011 0.36977 143.614 SuffixMorph 142 772 0.00462479 49.0328 SubMorph 308 1372 0.146493 82.6618
160	1	81.9762	20595.1	2081	566	461	1	0.1 PrefixMorph 164 756 0.421735 13.3102 StemSuffixMorphs 1010 1027 0.991088 0.00703972 Stem 485 1010 0.242676 225.627 SuffixMorph 144 763 0.0146714 54.3011 SubMorph 278 1412 0.225654 59.8829
170	1	87.1894	20581.2	2084	526	501	0	0.1 PrefixMorph 146 740 0.223694 35.6568 StemSuffixMorphs 1006 1027 0.983933 1.02812e-06 Stem 486 1006 0.364024 129.001 SuffixMorph 159 778 0.039076 58.0172 SubMorph 287 1405 0.00452616 104.032
180	1	92.2143	20970.8	2099	511	516	0	0.1 PrefixMorph 157 757 0.428902 19.2365 StemSuffixMorphs 994 1027 0.973817 0.0588358 Stem 488 994 0.335653 173.09 SuffixMorph 158 782 0.0783422 59.496 SubMorph 302 1405 0.0279149 107.547
190	1	97.3291	20642.5	2085	537	490	2	0.1 PrefixMorph 140 745 0.457559 12.1567 StemSuffixMorphs 1009 1027 0.982989 0.000303308 Stem 485 1009 0.349354 145.958 SuffixMorph 168 770 0.205583 37.6807 SubMorph 283 1416 0.112289 81.9603
200	1	102.465	20575.9	2073	540	487	1	0.1 PrefixMorph 148 733 0.46015 13.439 StemSuffixMorphs 994 1027 0.97877 0.379696 Stem 495 994 0.313508 141.339 SuffixMorph 148 752 0.0468574 42.6836 SubMorph 288 1429 0.0139477 109.933
210	1	107.65	20456.3	2030	540	487	2	0.1 PrefixMorph 146 742 0.511928 6.25257 StemSuffixMorphs 981 1027 0.964512 0.00616761 Stem 474 981 0.307829 204.968 SuffixMorph 153 738 0.111356 41.4673 SubMorph 276 1405 0.06824 81.4459
220	1	112.776	20602.4	2103	550	477	1	0.1 PrefixMorph 157 745 0.525108 10.9586 StemSuffixMorphs 1009 1027 0.985052 8.76455e-07 Stem 505 1009 0.34629 158.9 SuffixMorph 145 746 0.143533 37.6337 SubMorph 287 1442 0.0350128 91.8226
230	1	117.891	20656.3	2085	539	488	0	0.1 PrefixMorph 143 723 0.342901 15.6734 StemSuffixMorphs 1000 1027 0.985819 1.12499 Stem 480 1000 0.387532 120.868 SuffixMorph 154 797 0.0590398 47.7538 SubMorph 308 1391 0.0122012 118.55
240	1	123.149	20622.6	2107	520	507	0	0.1 PrefixMorph 140 708 0.392433 8.87955 StemSuffixMorphs 1011 1027 0.988201 0.0056306 Stem 487 1011 0.280878 185.295 SuffixMorph 171 800 0.0492381 51.2903 SubMorph 298 1395 0.155984 70.7055
250	1	128.295	20635.6	2077	568	459	0	0.1 PrefixMorph 140 702 0.454033 11.7472 StemSuffixMorphs 1007 1027 0.981994 3.73829e-07 Stem 486 1007 0.435501 98.1281 SuffixMorph 167 774 0.0570731 61.9496 SubMorph 277 1444 0.00615652 86.0081
260	1	133.842	20486.4	2075	550	477	0	0.1 PrefixMorph 140 723 0.35168 14.4777 StemSuffixMorphs 1007 1027 0.986719 5.6962e-09 Stem 504 1007 0.361646 177.959 SuffixMorph 159 806 0.0257268 46.0151 SubMorph 265 1424 0.0137686 76.8576
270	1	138.912	20445.5	2078	545	482	0	0.1 PrefixMorph 134 730 0.427722 10.6275 StemSuffixMorphs 1004 1027 0.980327 9.30923e-07 Stem 489 1004 0.381655 110.986 SuffixMorph 153 797 0.131522 41.1815 SubMorph 298 1373 0.128678 77.8253
280	1	144.259	20616.1	2083	564	463	0	0.1 PrefixMorph 135 720 0.283173 16.4115 StemSuffixMorphs 1005 1027 0.974815 0.18306 Stem 482 1005 0.408236 90.3441 SuffixMorph 172 795 0.0146565 57.9231 SubMorph 289 1406 0.034398 96.1206
290	1	149.456	20534.5	2095	526	501	1	0.1 PrefixMorph 129 706 0.412065 9.67409 StemSuffixMorphs 1012 1027 0.989356 0.000423236 Stem 497 1012 0.284364 188.274 SuffixMorph 152 812 0.0356435 43.2904 SubMorph 305 1379 0.0721545 96.7092
300	1	154.606	20392	2036	558	469	1	0.1 PrefixMorph 130 705 0.3782 13.5751 StemSuffixMorphs 1002 1027 0.980293 0.000283919 Stem 475 1002 0.283261 187.95 SuffixMorph 159 801 0.00188057 53.8393 SubMorph 270 1367 0.056618 85.5208
310	1	159.775	20417.5	2077	563	464	2	0.1 PrefixMorph 118 715 0.334715 11.9047 StemSuffixMorphs 1001 1027 0.984093 0.000283646 Stem 498 1001 0.345726 157.15 SuffixMorph 181 811 0.258082 45.3523 SubMorph 279 1363 0.0997988 73.9722
320	1	165.239	20408.3	2096	581	446	0	0.1 PrefixMorph 121 702 0.351823 10.6174 StemSuffixMorphs 1017 1027 0.990725 0.0108855 Stem 496 1017 0.3739 154.519 SuffixMorph 160 812 0.219741 28.8063 SubMorph 302 1386 0.147854 70.9862
330	1	170.554	20462.7	2082	569	458	1	0.1 PrefixMorph 130 697 0.497164 5.4941 StemSuffixMorphs 1008 1027 0.987007 0.139831 Stem 503 1008 0.446211 112.579 SuffixMorph 167 779 0.127657 43.065 SubMorph 274 1452 0.00692451 78.8436
340	1	175.766	20407.9	2065	562	465	1	0.1 PrefixMorph 128 684 0.492888 5.18524 StemSuffixMorphs 998 1027 0.980359 7.74682 Stem 505 998 0.226583 244.563 SuffixMorph 157 787 0.0424241 48.103 SubMorph 277 1439 0.0601793 87.3886
350	1	180.915	20424.5	2082	566	461	1	0.1 PrefixMorph 129 701 0.402742 4.01435 StemSuffixMorphs 1003 1027 0.978969 0.00525487 Stem 511 1003 0.301782 192.775 SuffixMorph 148 746 0.0525088 43.3136 SubMorph 291 1441 0.0393568 97.5463
360	1	186.033	20514.6	2103	561	466	0	0.1 PrefixMorph 117 685 0.607309 0.87085 StemSuffixMorphs 1006 1027 0.978565 7.45741e-08 Stem 517 1006 0.385873 149.318 SuffixMorph 165 772 0.0359191 49.7758 SubMorph 298 1416 0.00561235 107.709
370	1	191.136	20519.8	2096	569	458	2	0.1 PrefixMorph 129 715 0.428897 11.7822 StemSuffixMorphs 996 1027 0.962627 4.71933e-05 Stem 513 996 0.359361 172.433 SuffixMorph 165 778 0.161958 44.1262 SubMorph 293 1429 0.00772766 102.38
380	1	196.409	20363.2	2055	554	473	1	0.1 PrefixMorph 116 675 0.513588 3.98024 StemSuffixMorphs 998 1027 0.979775 0.211085 Stem 517 998 0.358508 192.095 SuffixMorph 168 799 0.0643102 52.8295 SubMorph 256 1454 0.0116945 85.6234
390	1	201.597	20593.3	2088	555	472	1	0.1 PrefixMorph 117 698 0.262998 16.9757 StemSuffixMorphs 1007 1027 0.988927 4.45414e-05 Stem 486 1007 0.422903 117.962 SuffixMorph 186 811 0.160131 40.6608 SubMorph 292 1412 0.0386022 104.254
400	1	206.83	20491.4	2076	535	492	0	0.1 PrefixMorph 138 698 0.434702 9.65522 StemSuffixMorphs 1013 1027 0.988249 0.339128 Stem 510 1013 0.284897 199.706 SuffixMorph 135 770 0.0640186 42.4798 SubMorph 280 1430 0.0386585 89.3279
410	1	211.929	20753.6	2080	507	520	2	0.1 PrefixMorph 138 684 0.425795 7.53617 StemSuffixMorphs 1007 1027 0.979432 0.537248 Stem 503 1007 0.476298 101.651 SuffixMorph 144 757 0.0271063 45.133 SubMorph 288 1486 0.0113084 90.2183
420	1	217.053	20517.6	2086	551	476	0	0.1 PrefixMorph 123 675 0.464383 5.25339 StemSuffixMorphs 1014 1027 0.985232 0.000468747 Stem 495 1014 0.284969 196.556 SuffixMorph 169 794 0.108769 44.612 SubMorph 285 1423 0.135474 82.2932
430	1	222.375	20451.1	2047	524	503	2	0.1 PrefixMorph 128 714 0.472144 6.86672 StemSuffixMorphs 1015 1027 0.993973 4.85154 Stem 479 1015 0.374302 139.923 SuffixMorph 149 755 0.145454 34.7689 SubMorph 276 1413 0.105548 80.1536
440	1	227.636	20496.9	2100	549	478	0	0.1 PrefixMorph 135 694 0.479753 6.45462 StemSuffixMorphs 1012 1027 0.988473 0.0226325 Stem 504 1012 0.277722 217.485 SuffixMorph 158 766 0.166863 38.7179 SubMorph 291 1451 0.115873 75.2484
450	1	232.881	20648.1	2052	489	538	0	0.1 PrefixMorph 149 706 0.445679 16.0819 StemSuffixMorphs 1001 1027 0.986648 0.00317409 Stem 476 1001 0.262157 179.393 SuffixMorph 150 770 0.0935647 29.8769 SubMorph 276 1404 0.00813792 87.2081
460	1	238.05	20671	2060	476	551	1	0.1 PrefixMorph 137 698 0.453058 15.2614 StemSuffixMorphs 1006 1027 0.990428 1.09137e-10 Stem 481 1006 0.209415 218.504 SuffixMorph 155 785 0.157375 37.9575 SubMorph 281 1405 0.000166949 94.9183
470	1	245.528	20681	2048	488	539	2	0.1 PrefixMorph 134 713 0.389129 10.4166 StemSuffixMorphs 1001 1027 0.981113 1.05945e-14 Stem 475 1001 0.312515 137.626 SuffixMorph 144 754 0.0109075 50.4935 SubMorph 294 1393 0.102425 75.2439
480	1	250.797	20458.2	2040	535	492	1	0.1 PrefixMorph 124 706 0.23288 14.4618 StemSuffixMorphs 1005 1027 0.982382 3.80656e-11 Stem 493 1005 0.238124 201.798 SuffixMorph 144 781 0.0399078 40.0952 SubMorph 274 1379 0.101511 77.8918
490	1	256.297	20457.6	2090	573	454	2	0.1 PrefixMorph 129 715 0.490274 3.34175 StemSuffixMorphs 1012 1027 0.986974 0.0239184 Stem 479 1012 0.244242 215.594 SuffixMorph 171 770 0.113023 49.3331 SubMorph 299 1414 0.0315449 105.574
500	1	262.028	20458.4	2079	577	450	0	0.1 PrefixMorph 125 699 0.385315 10.1411 StemSuffixMorphs 1014 1027 0.989289 4.05498e-05 Stem 479 1014 0.324485 167.826 SuffixMorph 168 782 0.067984 59.5548 SubMorph 293 1425 0.092764 82.1185
