# D = 1, E = 1, I = 1, P = 0, R = -1, n = 500, N = 1, P = 0, w = 1, a = 0.1, b = 1000, e = 1, f = 1, g = 10, h = 0.1, r = 1681422613, s = 1, S = 0, x = 10, m = 0, Z = 1, z = 0, T = 1, t = 1
# 10012 tokens in 1027 sentences
#
# It	Temp	Time	-logP	tables	same	changed	reject	default_pya	(parent pym pyn pya pyb)*
0	1	0.117029	35910.9	5848	0	1027	0	0.1 PrefixMorph 1369 1369 0.1 1000 Prefix 1027 1027 0.1 1000 SuffixMorph 1398 1398 0.1 1000 Suffix 1027 1027 0.1 1000 Stem 1027 1027 0.1 1000
10	1	3.39836	24672.3	2011	108	919	2	0.1 PrefixMorph 252 861 0.329388 65.9262 Prefix 598 1027 0.569984 132.856 SuffixMorph 205 830 0.0686695 73.899 Suffix 660 1027 0.793651 37.0836 Stem 296 1027 0.156773 98.0954
20	1	6.20429	23897	1932	163	864	0	0.1 PrefixMorph 194 861 0.107297 57.8963 Prefix 626 1027 0.556015 138.032 SuffixMorph 166 855 0.122825 37.8709 Suffix 691 1027 0.777333 28.7236 Stem 255 1027 0.00647533 98.1108
30	1	8.88881	23903.8	1827	157	870	0	0.1 PrefixMorph 191 840 0.0266787 72.1754 Prefix 585 1027 0.551512 92.4226 SuffixMorph 154 857 0.110474 32.9859 Suffix 643 1027 0.790256 20.73 Stem 254 1027 0.00294635 88.6361
40	1	11.519	23767.6	1825	146	881	0	0.1 PrefixMorph 188 792 0.143985 54.9075 Prefix 561 1027 0.505232 144.798 SuffixMorph 164 871 0.0389541 46.3869 Suffix 658 1027 0.817054 24.3479 Stem 254 1027 0.015951 104.173
50	1	14.2373	23249.5	1893	181	846	1	0.1 PrefixMorph 171 801 0.146974 40.3991 Prefix 568 1027 0.624316 86.6133 SuffixMorph 153 843 0.0141841 53.2095 Suffix 749 1027 0.778657 42.4791 Stem 252 1027 0.126865 69.1187
60	1	16.9329	23194.1	1925	213	814	0	0.1 PrefixMorph 169 841 0.0113756 51.9096 Prefix 589 1027 0.586476 107.805 SuffixMorph 169 866 0.147856 35.8297 Suffix 777 1027 0.823371 71.3828 Stem 221 1027 0.0175257 80.3308
70	1	19.5501	23330.1	1794	209	818	1	0.1 PrefixMorph 180 802 0.0660564 64.1255 Prefix 535 1027 0.539008 125.81 SuffixMorph 162 822 0.170556 43.6594 Suffix 685 1027 0.787063 21.265 Stem 232 1027 0.00882297 92.024
80	1	22.1769	23559.3	1760	165	862	0	0.1 PrefixMorph 161 786 0.0704328 55.7112 Prefix 508 1027 0.546458 96.1408 SuffixMorph 173 858 0.0508382 49.0784 Suffix 684 1027 0.814643 47.9278 Stem 234 1027 0.0353704 68.1646
90	1	24.853	23113.9	1786	228	799	0	0.1 PrefixMorph 153 806 0.0942965 45.23 Prefix 545 1027 0.575212 110.1 SuffixMorph 141 869 0.0383868 37.6731 Suffix 716 1027 0.801213 29.3661 Stem 231 1027 0.023004 85.5498
100	1	27.443	23118.4	1775	179	848	0	0.1 PrefixMorph 158 728 0.00426122 59.3906 Prefix 496 1027 0.629922 48.6689 SuffixMorph 166 901 0.00377012 57.8012 Suffix 734 1027 0.820913 29.6789 Stem 221 1027 0.0168222 81.9389
110	1	30.0439	23005.4	1779	195	832	0	0.1 PrefixMorph 162 776 0.0755041 45.4284 Prefix 555 1027 0.733661 29.6278 SuffixMorph 161 879 0.0239236 53.2684 Suffix 685 1027 0.805511 25.9092 Stem 216 1027 0.0559964 64.1825
120	1	32.6829	22903.2	1735	202	825	0	0.1 PrefixMorph 126 749 0.0341709 27.428 Prefix 505 1027 0.66757 45.1663 SuffixMorph 158 949 0.0642275 45.6545 Suffix 730 1027 0.831702 22.9032 Stem 216 1027 0.00904883 84.7661
130	1	35.2587	22746.7	1825	221	806	0	0.1 PrefixMorph 135 756 0.00365792 45.4744 Prefix 503 1027 0.570826 85.7841 SuffixMorph 167 952 0.00746022 55.2033 Suffix 811 1027 0.854012 44.7815 Stem 209 1027 0.0278425 81.3972
140	1	37.8954	22755.2	1850	230	797	2	0.1 PrefixMorph 145 770 0.00937651 48.9228 Prefix 520 1027 0.623066 47.7827 SuffixMorph 174 902 0.0522906 47.4411 Suffix 806 1027 0.889717 0.52772 Stem 205 1027 0.0716992 69.5232
150	1	40.4917	22766	1827	191	836	0	0.1 PrefixMorph 154 772 0.140208 39.4835 Prefix 523 1027 0.68165 36.7944 SuffixMorph 159 886 0.0373231 43.5396 Suffix 769 1027 0.806909 75.2251 Stem 222 1027 0.0779959 64.8563
160	1	43.1094	22762	1804	227	800	0	0.1 PrefixMorph 133 737 0.00830214 47.3024 Prefix 483 1027 0.591143 44.7561 SuffixMorph 173 926 0.0277597 58.3529 Suffix 786 1027 0.87563 16.4251 Stem 229 1027 0.0818159 69.069
170	1	45.7237	22682.3	1819	244	783	0	0.1 PrefixMorph 152 718 0.196877 29.3823 Prefix 492 1027 0.678062 31.2049 SuffixMorph 163 925 0.0381747 47.163 Suffix 796 1027 0.821534 49.4946 Stem 216 1027 0.0531916 68.3714
180	1	48.3514	22621.4	1855	255	772	1	0.1 PrefixMorph 147 707 0.0319032 54.2926 Prefix 488 1027 0.626056 43.083 SuffixMorph 171 944 0.00764719 56.7192 Suffix 827 1027 0.859955 30.9158 Stem 222 1027 0.0310311 67.7936
190	1	50.9711	22533.5	1794	239	788	0	0.1 PrefixMorph 136 684 0.108072 37.2985 Prefix 458 1027 0.557004 71.6545 SuffixMorph 165 936 0.0518143 45.6602 Suffix 819 1027 0.880287 13.9219 Stem 216 1027 0.0142381 83.3834
200	1	53.6894	22850.8	1855	210	817	1	0.1 PrefixMorph 150 768 0.121835 39.2902 Prefix 515 1027 0.653655 63.8813 SuffixMorph 151 931 0.0146332 54.5909 Suffix 804 1027 0.847755 49.0062 Stem 235 1027 0.00288267 88.2059
210	1	56.4645	22643.2	1881	228	799	0	0.1 PrefixMorph 155 756 0.0734667 44.886 Prefix 516 1027 0.681696 59.628 SuffixMorph 169 919 0.103035 49.3087 Suffix 828 1027 0.836221 47.9104 Stem 213 1027 0.0290393 70.205
220	1	59.0419	22643	1802	212	815	1	0.1 PrefixMorph 129 676 0.0238761 40.4361 Prefix 467 1027 0.590748 40.1362 SuffixMorph 168 1001 0.00719209 49.7107 Suffix 810 1027 0.913858 0.297468 Stem 228 1027 0.0885608 65.9056
230	1	61.7502	22752.2	1802	211	816	1	0.1 PrefixMorph 133 742 0.0474728 35.3849 Prefix 502 1027 0.597257 48.0115 SuffixMorph 164 937 0.00361744 46.3193 Suffix 784 1027 0.87974 3.02295 Stem 219 1027 0.0173142 82.3509
240	1	64.3634	22568.9	1750	201	826	1	0.1 PrefixMorph 143 754 0.0932855 39.435 Prefix 498 1027 0.636672 40.4523 SuffixMorph 153 912 0.0128315 49.9163 Suffix 747 1027 0.870588 7.77146 Stem 209 1027 0.0301323 65.2011
250	1	66.9998	22596.4	1747	247	780	1	0.1 PrefixMorph 133 695 0.00117991 46.8801 Prefix 495 1027 0.491237 103.794 SuffixMorph 156 918 0.00662249 53.2892 Suffix 752 1027 0.891209 8.93154e-09 Stem 211 1027 0.0676625 57.1179
260	1	69.5576	22774.7	1828	228	799	1	0.1 PrefixMorph 145 742 0.027347 44.5869 Prefix 522 1027 0.589973 66.4423 SuffixMorph 158 892 0.0288623 55.3332 Suffix 777 1027 0.846662 18.7664 Stem 226 1027 0.0211983 92.7106
270	1	72.1867	22687.8	1794	218	809	2	0.1 PrefixMorph 149 717 0.0844497 44.885 Prefix 479 1027 0.61437 68.4712 SuffixMorph 155 893 0.00816791 49.3873 Suffix 790 1027 0.858996 41.3188 Stem 221 1027 0.0275853 58.386
280	1	74.8386	22639.7	1855	234	793	2	0.1 PrefixMorph 129 780 0.0410185 36.0237 Prefix 543 1027 0.606195 73.5278 SuffixMorph 153 894 0.0209881 51.1472 Suffix 799 1027 0.813374 78.512 Stem 231 1027 0.0943964 76.8731
290	1	77.4546	22512.8	1764	238	789	1	0.1 PrefixMorph 145 777 0.123618 34.2111 Prefix 494 1027 0.711069 32.6339 SuffixMorph 165 876 0.0500814 48.5743 Suffix 759 1027 0.871438 10.7541 Stem 201 1027 0.00698308 69.6143
300	1	80.0076	22640	1794	235	792	0	0.1 PrefixMorph 154 794 0.012875 56.2884 Prefix 488 1027 0.609739 35.4298 SuffixMorph 151 885 0.0355675 41.31 Suffix 782 1027 0.833791 41.3766 Stem 219 1027 0.0184416 73.0511
310	1	82.5448	22455.3	1703	253	774	0	0.1 PrefixMorph 140 758 0.0367106 48.8584 Prefix 471 1027 0.677101 27.7169 SuffixMorph 140 850 0.00195455 52.9229 Suffix 725 1027 0.810467 64.1127 Stem 227 1027 0.0226244 80.9781
320	1	85.1187	22545.9	1731	232	795	0	0.1 PrefixMorph 133 702 0.0155463 38.2336 Prefix 447 1027 0.613884 35.067 SuffixMorph 161 899 0.0620522 50.9539 Suffix 772 1027 0.821644 32.4169 Stem 218 1027 0.0452005 64.6348
330	1	87.6779	22396	1845	266	761	0	0.1 PrefixMorph 133 724 0.0261672 39.6784 Prefix 489 1027 0.689588 21.4185 SuffixMorph 168 903 0.00553422 52.2033 Suffix 833 1027 0.856689 54.3493 Stem 222 1027 0.0587414 61.6728
340	1	90.2775	22380.1	1764	262	765	0	0.1 PrefixMorph 138 721 0.0559311 50.6139 Prefix 498 1027 0.687571 44.7201 SuffixMorph 158 844 0.0253527 50.1617 Suffix 746 1027 0.819321 9.85954 Stem 224 1027 0.00272677 79.1929
350	1	92.889	22524	1791	252	775	0	0.1 PrefixMorph 142 727 0.0628756 48.1456 Prefix 490 1027 0.684108 46.2569 SuffixMorph 154 891 0.030144 45.6392 Suffix 775 1027 0.842829 11.7795 Stem 230 1027 0.00703644 104.317
360	1	95.5171	22631.6	1823	258	769	1	0.1 PrefixMorph 134 769 0.0952864 40.6777 Prefix 523 1027 0.606667 80.2099 SuffixMorph 156 889 0.0423519 47.9861 Suffix 791 1027 0.849774 49.7616 Stem 219 1027 0.00808037 84.8584
370	1	98.136	22818.9	1780	223	804	0	0.1 PrefixMorph 144 709 0.0602089 43.2687 Prefix 487 1027 0.579225 77.5727 SuffixMorph 162 897 0.0270213 60.7909 Suffix 761 1027 0.858933 7.31914 Stem 226 1027 0.0156065 75.4233
380	1	100.669	22585.2	1794	223	804	0	0.1 PrefixMorph 140 746 0.0350341 41.2873 Prefix 517 1027 0.653532 64.3506 SuffixMorph 158 918 0.059364 54.1743 Suffix 757 1027 0.907701 1.97849e-11 Stem 222 1027 0.0662454 64.7034
390	1	103.632	22567.1	1891	243	784	0	0.1 PrefixMorph 141 730 0.0141634 41.8809 Prefix 525 1027 0.602099 60.8232 SuffixMorph 168 920 0.0801899 43.9253 Suffix 826 1027 0.901618 19.3808 Stem 231 1027 0.021633 73.3526
400	1	106.242	22537.8	1759	250	777	0	0.1 PrefixMorph 131 698 0.0211641 45.4914 Prefix 463 1027 0.612685 38.0828 SuffixMorph 146 900 0.0317445 37.4732 Suffix 788 1027 0.887748 0.000177521 Stem 231 1027 0.0366951 88.7109
410	1	108.881	22587	1829	260	767	1	0.1 PrefixMorph 119 757 0.126849 28.3986 Prefix 548 1027 0.595347 49.9357 SuffixMorph 150 896 0.0757992 43.2737 Suffix 791 1027 0.840185 73.1634 Stem 221 1027 0.0241996 82.0062
420	1	111.5	22436.3	1846	269	758	0	0.1 PrefixMorph 128 778 0.0905848 32.188 Prefix 579 1027 0.661599 101.891 SuffixMorph 149 888 0.0438202 45.2387 Suffix 771 1027 0.867603 25.1005 Stem 219 1027 0.00251387 71.9632
430	1	114.171	22607.8	1821	226	801	1	0.1 PrefixMorph 136 719 0.00517915 41.7138 Prefix 487 1027 0.516199 96.0845 SuffixMorph 162 866 0.0990199 50.7917 Suffix 797 1027 0.835931 56.5872 Stem 239 1027 0.0157562 89.3113
440	1	116.802	22588.7	1855	245	782	1	0.1 PrefixMorph 131 741 0.0922026 41.5788 Prefix 519 1027 0.55614 79.1583 SuffixMorph 157 892 0.031994 43.706 Suffix 827 1027 0.841789 81.9993 Stem 221 1027 0.0171861 78.3637
450	1	119.479	22569.2	1779	232	795	1	0.1 PrefixMorph 134 732 0.0670382 30.8315 Prefix 488 1027 0.643207 39.9464 SuffixMorph 144 920 0.00393836 46.1186 Suffix 802 1027 0.878348 19.033 Stem 211 1027 0.00933515 73.493
460	1	122.053	22470.4	1757	234	793	0	0.1 PrefixMorph 137 717 0.0251046 36.4978 Prefix 471 1027 0.583208 56.7872 SuffixMorph 150 863 0.138406 40.1115 Suffix 775 1027 0.839207 38.0344 Stem 224 1027 0.003314 88.043
470	1	124.61	22592.6	1798	232	795	0	0.1 PrefixMorph 129 739 0.00633322 46.4193 Prefix 498 1027 0.635329 53.4807 SuffixMorph 161 857 0.00938712 53.9596 Suffix 782 1027 0.846243 43.133 Stem 228 1027 0.0202922 69.0844
480	1	127.235	22249.9	1776	279	748	0	0.1 PrefixMorph 139 731 0.0388729 44.9069 Prefix 476 1027 0.638175 48.7638 SuffixMorph 142 844 0.0409133 41.2921 Suffix 794 1027 0.797226 85.4775 Stem 225 1027 0.0258691 72.9749
490	1	129.857	22376.7	1852	232	795	0	0.1 PrefixMorph 139 713 0.010027 40.5689 Prefix 527 1027 0.639972 49.8789 SuffixMorph 150 890 0.00370012 53.4865 Suffix 804 1027 0.842015 45.682 Stem 232 1027 0.0234952 89.0895
500	1	132.464	22376	1766	217	810	1	0.1 PrefixMorph 126 709 0.0632592 33.6661 Prefix 466 1027 0.648071 36.7423 SuffixMorph 162 845 0.0122802 60.557 Suffix 783 1027 0.845319 47.1207 Stem 229 1027 0.0309373 80.4256
