# D = 1, E = 1, I = 1, P = 0, R = -1, n = 500, N = 1, P = 0, w = 1, a = 0.1, b = 1000, e = 1, f = 1, g = 10, h = 0.1, r = 1681486861, s = 1, S = 0, x = 10, m = 0, Z = 1, z = 0, T = 1, t = 1
# 10012 tokens in 1027 sentences
#
# It	Temp	Time	-logP	tables	same	changed	reject	default_pya	(parent pym pyn pya pyb)*
0	1	0.103563	35940.6	5864	0	1027	0	0.1 Prefix 1027 1027 0.1 1000 Stem 1027 1027 0.1 1000 Suffix 1027 1027 0.1 1000 PrefixMorph 1339 1339 0.1 1000 SuffixMorph 1444 1444 0.1 1000
10	1	3.22885	24838	1965	144	883	0	0.1 Prefix 630 1027 0.595454 119.522 Stem 299 1027 0.135959 106.795 Suffix 612 1027 0.633322 103.175 PrefixMorph 240 919 0.145492 69.7542 SuffixMorph 184 787 0.0514077 67.2387
20	1	6.06463	24317.8	1912	139	888	0	0.1 Prefix 570 1027 0.437081 155.384 Stem 310 1027 0.116734 107.078 Suffix 676 1027 0.731371 50.986 PrefixMorph 190 833 0.0789506 57.5788 SuffixMorph 166 862 0.00342816 63.1898
30	1	8.90975	23984.2	1964	179	848	1	0.1 Prefix 595 1027 0.600858 92.6331 Stem 266 1027 0.0368061 104.379 Suffix 726 1027 0.720853 106.931 PrefixMorph 211 824 0.0884142 70.7856 SuffixMorph 166 891 0.0346655 53.0816
40	1	11.719	23937.7	1924	173	854	1	0.1 Prefix 594 1027 0.512046 130.881 Stem 264 1027 0.0989473 89.4998 Suffix 723 1027 0.797109 42.6033 PrefixMorph 186 856 0.00605466 67.4405 SuffixMorph 157 878 0.0140971 56.7493
50	1	14.4357	23839.1	1762	142	885	0	0.1 Prefix 564 1027 0.54699 103.252 Stem 266 1027 0.0364699 105.198 Suffix 632 1027 0.724524 27.6518 PrefixMorph 144 835 0.00277791 48.496 SuffixMorph 156 838 0.0890814 40.4324
60	1	17.1404	23513.5	1769	167	860	0	0.1 Prefix 494 1027 0.578404 69.5678 Stem 270 1027 0.118124 99.4804 Suffix 711 1027 0.781129 65.588 PrefixMorph 140 776 0.0392674 41.8343 SuffixMorph 154 870 0.0123177 47.3045
70	1	19.8079	23663.5	1805	155	872	1	0.1 Prefix 533 1027 0.631521 54.2428 Stem 260 1027 0.172081 61.0519 Suffix 693 1027 0.756695 111.794 PrefixMorph 157 833 0.042627 39.055 SuffixMorph 162 851 0.119599 45.9153
80	1	22.5293	23391.1	1812	187	840	1	0.1 Prefix 506 1027 0.563974 62.2098 Stem 238 1027 0.0559227 78.6851 Suffix 756 1027 0.806182 69.8483 PrefixMorph 165 831 0.031613 56.5493 SuffixMorph 147 842 0.000601525 49.3872
90	1	25.2569	23350.4	1820	187	840	1	0.1 Prefix 541 1027 0.551506 85.9079 Stem 248 1027 0.0138329 88.9645 Suffix 740 1027 0.703331 158.649 PrefixMorph 143 827 0.103405 38.5956 SuffixMorph 148 870 0.0243917 42.0748
100	1	28.0501	23287.9	1841	171	856	2	0.1 Prefix 547 1027 0.618912 61.3768 Stem 258 1027 0.100945 88.5051 Suffix 737 1027 0.770207 58.6348 PrefixMorph 147 823 0.0530337 40.1604 SuffixMorph 152 869 0.137987 39.4659
110	1	30.7063	23305.1	1774	192	835	1	0.1 Prefix 458 1027 0.62523 41.9923 Stem 259 1027 0.0298838 107.287 Suffix 751 1027 0.784527 76.4808 PrefixMorph 156 762 0.147873 43.6463 SuffixMorph 150 846 0.024294 48.7729
120	1	33.5216	23349.2	1782	179	848	2	0.1 Prefix 506 1027 0.614573 52.7545 Stem 249 1027 0.00399422 86.9579 Suffix 727 1027 0.784413 41.9026 PrefixMorph 153 798 0.0699977 44.1819 SuffixMorph 147 849 0.000877816 53.4207
130	1	36.1803	23254.1	1763	187	840	1	0.1 Prefix 538 1027 0.695991 46.114 Stem 259 1027 0.0446358 106.521 Suffix 670 1027 0.76678 31.8674 PrefixMorph 160 835 0.00451254 46.3999 SuffixMorph 136 824 0.00316291 42.8045
140	1	38.8104	23235.3	1743	198	829	0	0.1 Prefix 512 1027 0.594277 73.036 Stem 281 1027 0.0890745 93.9878 Suffix 663 1027 0.782353 19.514 PrefixMorph 151 816 0.000473891 50.8957 SuffixMorph 136 763 0.0369309 46.6713
150	1	41.5294	23054.1	1836	194	833	0	0.1 Prefix 522 1027 0.474782 90.9446 Stem 257 1027 0.0169804 108.657 Suffix 771 1027 0.864032 38.0501 PrefixMorph 136 772 0.0133133 32.7506 SuffixMorph 150 870 0.0833845 45.0176
160	1	44.2921	22833.8	1762	243	784	0	0.1 Prefix 486 1027 0.629867 27.9366 Stem 241 1027 0.0222987 92.7809 Suffix 767 1027 0.855934 25.1308 PrefixMorph 138 738 0.235331 31.3582 SuffixMorph 130 920 0.104637 30.5621
170	1	47.0387	22849.2	1801	204	823	3	0.1 Prefix 521 1027 0.735274 18.9724 Stem 253 1027 0.0479539 102.675 Suffix 743 1027 0.814991 5.93775 PrefixMorph 130 761 0.187367 18.4615 SuffixMorph 154 865 0.0865027 45.7389
180	1	49.7962	22872.3	1855	206	821	0	0.1 Prefix 480 1027 0.562556 51.6332 Stem 285 1027 0.0290785 108.126 Suffix 782 1027 0.839694 27.4242 PrefixMorph 150 741 0.246366 24.9683 SuffixMorph 158 865 0.192003 33.6289
190	1	52.5909	22798.8	1826	233	794	0	0.1 Prefix 476 1027 0.59118 46.2522 Stem 261 1027 0.0292301 95.3162 Suffix 810 1027 0.886118 4.93103 PrefixMorph 131 690 0.102447 28.2304 SuffixMorph 148 926 0.00895497 41.0662
200	1	55.5046	22722.2	1852	250	777	0	0.1 Prefix 477 1027 0.64439 26.874 Stem 247 1027 0.0325632 87.0935 Suffix 836 1027 0.854489 38.6317 PrefixMorph 131 722 0.188188 29.8174 SuffixMorph 161 942 0.00669389 50.841
210	1	58.3221	22773.5	1837	202	825	0	0.1 Prefix 462 1027 0.544408 63.2009 Stem 248 1027 0.0194266 106.541 Suffix 826 1027 0.857582 35.992 PrefixMorph 136 659 0.0164954 42.9101 SuffixMorph 165 940 0.0222797 50.6501
220	1	61.1038	22817.1	1795	201	826	0	0.1 Prefix 462 1027 0.624948 26.5987 Stem 253 1027 0.0216488 92.7234 Suffix 790 1027 0.874491 9.6328 PrefixMorph 129 680 0.0651048 41.7855 SuffixMorph 161 944 0.134925 44.0324
230	1	63.8054	22759.7	1903	209	818	0	0.1 Prefix 529 1027 0.560963 114.216 Stem 264 1027 0.00713532 96.4562 Suffix 815 1027 0.901358 16.7444 PrefixMorph 140 709 0.135001 34.2886 SuffixMorph 155 971 0.0494615 44.2145
240	1	66.7408	22546.7	1859	230	797	1	0.1 Prefix 516 1027 0.698159 24.3668 Stem 249 1027 0.0227884 84.1468 Suffix 820 1027 0.873506 62.1797 PrefixMorph 130 685 0.0642304 39.2412 SuffixMorph 144 963 0.0175528 41.7889
250	1	69.5268	22501.5	1816	273	754	1	0.1 Prefix 469 1027 0.595215 42.1125 Stem 259 1027 0.0206069 102.453 Suffix 817 1027 0.854003 37.0354 PrefixMorph 110 662 0.0340715 37.7281 SuffixMorph 161 944 0.079726 41.6486
260	1	72.2832	22689.4	1786	230	797	0	0.1 Prefix 431 1027 0.607039 39.6644 Stem 268 1027 0.0974772 99.1153 Suffix 814 1027 0.887323 0.118052 PrefixMorph 116 669 0.0912189 28.5548 SuffixMorph 157 986 0.143907 30.9902
270	1	75.0712	22382	1823	229	798	0	0.1 Prefix 465 1027 0.657878 36.6473 Stem 237 1027 0.0615086 90.697 Suffix 846 1027 0.892011 39.7698 PrefixMorph 119 697 0.00587417 37.2534 SuffixMorph 156 981 0.121561 43.4434
280	1	77.9125	22392.7	1887	246	781	1	0.1 Prefix 475 1027 0.604088 44.8044 Stem 248 1027 0.0322015 102.334 Suffix 875 1027 0.929658 0.0118247 PrefixMorph 129 723 0.0482151 39.89 SuffixMorph 160 982 0.0258152 36.8044
290	1	80.6566	22751	1754	209	818	0	0.1 Prefix 462 1027 0.629856 30.82 Stem 247 1027 0.0100892 90.9045 Suffix 757 1027 0.916381 4.33028 PrefixMorph 137 696 0.0494376 39.2856 SuffixMorph 151 957 0.0424752 41.4439
300	1	83.1716	22741.4	1706	187	840	0	0.1 Prefix 432 1027 0.553085 40.4701 Stem 244 1027 0.0234597 78.8124 Suffix 736 1027 0.87847 21.4973 PrefixMorph 130 640 0.00597956 48.1013 SuffixMorph 164 960 0.0795954 41.6095
310	1	85.7679	22471.6	1797	246	781	0	0.1 Prefix 481 1027 0.723367 18.7674 Stem 245 1027 0.0118097 96.7201 Suffix 774 1027 0.907227 0.0598624 PrefixMorph 121 656 0.0599659 35.9055 SuffixMorph 176 995 0.145556 50.0717
320	1	88.4361	22386.7	1743	240	787	0	0.1 Prefix 464 1027 0.636092 49.4012 Stem 236 1027 0.0018175 91.4188 Suffix 757 1027 0.907199 20.679 PrefixMorph 121 643 0.116632 34.3145 SuffixMorph 165 976 0.0663585 41.6599
330	1	91.1378	22689	1796	229	798	0	0.1 Prefix 485 1027 0.600823 47.9618 Stem 247 1027 0.00491751 87.2692 Suffix 786 1027 0.922504 0.024113 PrefixMorph 125 695 0.0868417 26.655 SuffixMorph 153 970 0.00307064 43.679
340	1	93.8388	22684.5	1771	207	820	2	0.1 Prefix 451 1027 0.577378 42.4229 Stem 252 1027 0.0819289 68.0038 Suffix 786 1027 0.89897 0.00909529 PrefixMorph 128 674 0.0706383 39.0222 SuffixMorph 154 930 0.119345 31.9983
350	1	96.5396	22368.2	1814	247	780	1	0.1 Prefix 448 1027 0.635163 28.6421 Stem 244 1027 0.0842337 77.9812 Suffix 851 1027 0.926048 11.6047 PrefixMorph 122 662 0.117254 36.3481 SuffixMorph 149 1008 0.0399094 38.145
360	1	99.307	22556.9	1838	230	797	2	0.1 Prefix 484 1027 0.602386 47.2567 Stem 238 1027 0.0154073 100.987 Suffix 841 1027 0.93264 0.0643407 PrefixMorph 121 673 0.102713 33.6092 SuffixMorph 154 1004 0.0373489 38.7006
370	1	102.131	22439.2	1741	233	794	0	0.1 Prefix 463 1027 0.627687 29.0364 Stem 237 1027 0.0447396 82.1036 Suffix 781 1027 0.90158 2.28762e-14 PrefixMorph 124 674 0.013275 47.1029 SuffixMorph 136 961 0.00550885 44.6045
380	1	104.792	22305.4	1744	260	767	0	0.1 Prefix 417 1027 0.590884 27.5741 Stem 252 1027 0.0040791 94.1973 Suffix 806 1027 0.919899 0.0520628 PrefixMorph 115 630 0.07212 21.9555 SuffixMorph 154 1000 0.0186499 49.5724
390	1	107.473	22676.8	1720	217	810	1	0.1 Prefix 381 1027 0.49577 43.0286 Stem 257 1027 0.0643089 93.9776 Suffix 793 1027 0.872486 53.0176 PrefixMorph 125 617 0.030076 49.2205 SuffixMorph 164 967 0.0827929 43.4361
400	1	110.241	22725.6	1851	264	763	0	0.1 Prefix 438 1027 0.600276 39.1066 Stem 251 1027 0.0377643 95.557 Suffix 861 1027 0.906324 2.47205 PrefixMorph 133 667 0.119461 36.8561 SuffixMorph 168 996 0.0890736 54.9315
410	1	113.004	22248.6	1780	267	760	0	0.1 Prefix 408 1027 0.553109 41.4347 Stem 254 1027 0.00795054 100.439 Suffix 845 1027 0.898951 3.45417 PrefixMorph 124 668 0.151198 32.833 SuffixMorph 149 929 0.0102856 43.7371
420	1	115.765	22096	1756	307	720	0	0.1 Prefix 382 1027 0.559604 28.9681 Stem 252 1027 0.0165853 93.5238 Suffix 863 1027 0.885779 20.24 PrefixMorph 119 633 0.22382 25.6619 SuffixMorph 140 949 0.0936361 33.1098
430	1	118.45	22201.3	1767	312	715	0	0.1 Prefix 402 1027 0.64384 25.9043 Stem 260 1027 0.0331957 94.2287 Suffix 847 1027 0.883819 31.1348 PrefixMorph 108 641 0.0925397 30.5362 SuffixMorph 150 957 0.134173 35.1774
440	1	121.265	22361.3	1842	319	708	1	0.1 Prefix 404 1027 0.638371 21.1108 Stem 250 1027 0.104343 75.8865 Suffix 898 1027 0.920451 12.0735 PrefixMorph 130 633 0.201463 20.1295 SuffixMorph 160 1004 0.0427176 54.9439
450	1	124.093	22345.6	1790	267	760	0	0.1 Prefix 448 1027 0.639254 30.9182 Stem 242 1027 0.00939974 87.7684 Suffix 826 1027 0.910799 3.58019e-06 PrefixMorph 119 649 0.266778 18.6166 SuffixMorph 155 965 0.0926828 35.4482
460	1	126.856	22804.4	1758	190	837	2	0.1 Prefix 445 1027 0.490804 68.0129 Stem 256 1027 0.0244192 81.5868 Suffix 784 1027 0.878508 14.9444 PrefixMorph 124 645 0.129503 28.5956 SuffixMorph 149 976 0.055458 37.0812
470	1	129.435	22594.4	1692	210	817	0	0.1 Prefix 435 1027 0.628859 24.2897 Stem 243 1027 0.0123733 102.019 Suffix 726 1027 0.892225 2.52386 PrefixMorph 131 667 0.113252 39.9823 SuffixMorph 157 930 0.0854917 40.3703
480	1	132.01	22447.5	1698	210	817	0	0.1 Prefix 424 1027 0.68495 16.2412 Stem 245 1027 0.0807572 69.1315 Suffix 750 1027 0.908917 3.02111e-17 PrefixMorph 116 631 0.145515 32.301 SuffixMorph 163 996 0.00231785 49.995
490	1	134.59	22244	1749	261	766	1	0.1 Prefix 463 1027 0.618106 47.7119 Stem 243 1027 0.0305934 80.9156 Suffix 789 1027 0.91914 4.416e-11 PrefixMorph 98 661 0.0579761 27.0288 SuffixMorph 156 968 0.0631467 33.2616
500	1	137.194	22320.8	1685	246	781	0	0.1 Prefix 458 1027 0.576471 48.7517 Stem 250 1027 0.0201495 103.394 Suffix 718 1027 0.884869 0.00722372 PrefixMorph 103 674 0.00446002 34.045 SuffixMorph 156 934 0.00718431 48.0952
