# D = 1, E = 1, I = 1, P = 0, R = -1, n = 500, N = 1, P = 0, w = 1, a = 0.1, b = 1000, e = 1, f = 1, g = 10, h = 0.1, r = 1681488794, s = 1, S = 0, x = 10, m = 0, Z = 1, z = 0, T = 1, t = 1
# 10012 tokens in 1027 sentences
#
# It	Temp	Time	-logP	tables	same	changed	reject	default_pya	(parent pym pyn pya pyb)*
0	1	0.238965	42398.3	9621	0	1027	0	0.1 Compound 1259 1259 0.1 1000 Stem 1259 1259 0.1 1000 PrefixMorph 701 701 0.1 1000 StemPrefixMorphs 1259 1259 0.1 1000 SuffixMorph 710 710 0.1 1000 SubMorph 4433 4433 0.1 1000
10	1	8.7173	22195	2968	393	634	1	0.1 Compound 1132 1348 0.878689 82.6587 Stem 431 688 0.586365 71.3182 PrefixMorph 168 555 0.52654 7.24477 StemPrefixMorphs 688 1132 0.543988 171.878 SuffixMorph 242 808 0.346428 34.2272 SubMorph 307 1156 0.0547401 106.436
20	1	17.0343	21230.5	2970	428	599	2	0.1 Compound 1158 1258 0.955609 0.0135035 Stem 493 761 0.655109 61.3225 PrefixMorph 135 640 0.473757 5.02842 StemPrefixMorphs 761 1158 0.604912 186.122 SuffixMorph 158 775 0.204121 31.3297 SubMorph 265 1168 0.00537761 106.246
30	1	25.6676	20899.8	2950	503	524	2	0.1 Compound 1143 1208 0.963012 1.5347 Stem 478 791 0.644943 83.0553 PrefixMorph 112 674 0.381129 13.329 StemPrefixMorphs 791 1143 0.689814 95.2712 SuffixMorph 164 770 0.27436 26.7758 SubMorph 262 1180 0.113042 80.1253
40	1	34.3803	20827.1	2935	534	493	3	0.1 Compound 1130 1192 0.967058 4.35208e-12 Stem 470 757 0.688446 61.2377 PrefixMorph 133 665 0.512043 3.97235 StemPrefixMorphs 757 1130 0.605319 168.263 SuffixMorph 171 769 0.271713 27.1102 SubMorph 274 1190 0.192921 69.6941
50	1	43.1373	20526.2	2888	552	475	0	0.1 Compound 1111 1150 0.979144 1.34233e-08 Stem 459 749 0.518357 110.665 PrefixMorph 132 662 0.513903 8.69331 StemPrefixMorphs 749 1111 0.620147 171.058 SuffixMorph 174 810 0.0889566 54.2573 SubMorph 263 1187 0.00769637 98.1683
60	1	51.8849	20449	2899	545	482	3	0.1 Compound 1117 1148 0.980071 0.0446854 Stem 474 750 0.558869 132.228 PrefixMorph 131 627 0.513673 7.75562 StemPrefixMorphs 750 1117 0.58024 194.174 SuffixMorph 177 805 0.218299 30.3891 SubMorph 250 1233 0.0110708 101.022
70	1	60.7302	20677.3	2899	528	499	0	0.1 Compound 1098 1140 0.974452 1.03466e-06 Stem 460 762 0.601019 77.0126 PrefixMorph 150 661 0.420254 12.0609 StemPrefixMorphs 762 1098 0.616549 175.669 SuffixMorph 159 800 0.0194573 57.615 SubMorph 270 1210 0.062921 82.6185
80	1	69.5772	20330.2	2875	550	477	1	0.1 Compound 1099 1117 0.984347 3.46705e-05 Stem 467 765 0.62619 65.6364 PrefixMorph 143 679 0.512139 11.8558 StemPrefixMorphs 765 1099 0.653752 168.44 SuffixMorph 139 815 0.00901829 41.3741 SubMorph 262 1193 0.0349405 89.5233
90	1	78.595	20303.4	2868	566	461	2	0.1 Compound 1093 1110 0.988267 1.85411 Stem 450 772 0.603166 55.5172 PrefixMorph 119 672 0.577451 0.00693298 StemPrefixMorphs 772 1093 0.705929 119.896 SuffixMorph 151 818 0.131446 42.7944 SubMorph 283 1199 0.215836 76.7147
100	1	87.6659	20383.6	2874	573	454	2	0.1 Compound 1098 1116 0.989219 0.0280911 Stem 454 775 0.500506 113.711 PrefixMorph 126 676 0.488138 12.4761 StemPrefixMorphs 775 1098 0.616816 263.902 SuffixMorph 155 798 0.0275287 54.8314 SubMorph 266 1196 0.146026 77.8689
110	1	96.6077	20347.1	2874	564	463	2	0.1 Compound 1086 1098 0.995312 1.02621 Stem 466 747 0.626887 97.3485 PrefixMorph 136 644 0.459962 15.3048 StemPrefixMorphs 747 1086 0.581245 221.562 SuffixMorph 182 840 0.183654 34.4884 SubMorph 257 1243 0.124357 62.5106
120	1	105.589	20403.6	2869	552	475	1	0.1 Compound 1081 1093 0.986544 2.35277e-06 Stem 461 764 0.516996 127.304 PrefixMorph 123 651 0.535739 0.0909613 StemPrefixMorphs 764 1081 0.667721 142.806 SuffixMorph 176 838 0.134689 47.0916 SubMorph 264 1224 0.0402436 87.0084
130	1	115.186	20365.8	2848	548	479	1	0.1 Compound 1077 1088 0.992337 0.299132 Stem 452 753 0.584084 112.026 PrefixMorph 132 656 0.494605 6.45562 StemPrefixMorphs 753 1077 0.665881 153.302 SuffixMorph 176 843 0.0249733 53.9852 SubMorph 258 1239 0.086299 73.7809
140	1	124.963	20497.2	2837	516	511	2	0.1 Compound 1058 1068 0.992772 2.46745e-06 Stem 429 741 0.555808 110.219 PrefixMorph 144 658 0.576402 2.01786 StemPrefixMorphs 741 1058 0.622984 190.207 SuffixMorph 198 866 0.124601 53.4332 SubMorph 267 1250 0.103301 76.5052
150	1	134.306	20456.4	2870	535	492	0	0.1 Compound 1073 1078 0.994386 7.34635e-08 Stem 453 746 0.431753 154.622 PrefixMorph 147 666 0.538629 8.34825 StemPrefixMorphs 746 1073 0.638871 180.723 SuffixMorph 180 847 0.0956781 54.193 SubMorph 271 1249 0.0892074 83.9121
160	1	144.068	20214.2	2818	564	463	1	0.1 Compound 1074 1084 0.988509 0.00110062 Stem 448 746 0.542861 115.809 PrefixMorph 135 678 0.594498 7.56567 StemPrefixMorphs 746 1074 0.5981 196.741 SuffixMorph 163 839 0.168653 38.1317 SubMorph 252 1205 0.158724 54.3821
170	1	154.104	20258.5	2835	522	505	1	0.1 Compound 1062 1073 0.99144 2.96374e-05 Stem 459 745 0.660325 58.943 PrefixMorph 132 673 0.408948 13.3919 StemPrefixMorphs 745 1062 0.673791 182.92 SuffixMorph 175 848 0.184043 40.7277 SubMorph 262 1222 0.0766553 80.8235
180	1	163.832	20125	2804	563	464	1	0.1 Compound 1066 1080 0.987823 2.06429e-07 Stem 450 744 0.565118 94.2397 PrefixMorph 130 660 0.553569 2.84516 StemPrefixMorphs 744 1066 0.584313 257.503 SuffixMorph 165 836 0.142599 44.2773 SubMorph 249 1220 0.00550356 92.5842
190	1	172.635	20204.8	2833	547	480	2	0.1 Compound 1072 1082 0.991385 7.93066e-05 Stem 440 735 0.538276 97.2067 PrefixMorph 128 652 0.423996 10.7396 StemPrefixMorphs 735 1072 0.581835 181.788 SuffixMorph 190 822 0.276514 34.0918 SubMorph 268 1247 0.0606844 73.2662
200	1	181.924	20240.9	2857	596	431	1	0.1 Compound 1075 1085 0.990291 0.767552 Stem 445 765 0.572806 85.2161 PrefixMorph 123 684 0.452884 6.09031 StemPrefixMorphs 765 1075 0.624681 169.384 SuffixMorph 174 854 0.279532 27.8252 SubMorph 275 1176 0.0195278 103.661
210	1	191.206	20248.8	2825	535	492	0	0.1 Compound 1071 1078 0.995327 3.34492 Stem 451 754 0.565341 90.3536 PrefixMorph 131 680 0.502899 4.52003 StemPrefixMorphs 754 1071 0.606783 208.507 SuffixMorph 166 843 0.0175789 47.825 SubMorph 252 1215 0.141483 71.8416
220	1	200.358	20263.6	2833	532	495	0	0.1 Compound 1070 1076 0.997547 1.2125e-10 Stem 435 746 0.594479 87.4426 PrefixMorph 147 673 0.62453 3.65759 StemPrefixMorphs 746 1070 0.631557 180.182 SuffixMorph 176 832 0.280424 38.1913 SubMorph 259 1234 0.0652743 78.2637
230	1	209.425	20276.6	2821	575	452	1	0.1 Compound 1065 1078 0.987054 2.04806 Stem 438 739 0.603047 95.1494 PrefixMorph 149 668 0.599067 1.01731 StemPrefixMorphs 739 1065 0.652806 146.906 SuffixMorph 172 829 0.0964174 47.5133 SubMorph 258 1250 0.0462004 94.4458
240	1	218.946	20426.1	2851	573	454	3	0.1 Compound 1072 1082 0.991135 1.68901e-09 Stem 454 755 0.485719 145.482 PrefixMorph 131 655 0.4111 12.4552 StemPrefixMorphs 755 1072 0.623676 180.706 SuffixMorph 166 836 0.120503 45.4846 SubMorph 273 1250 0.0325602 91.6784
250	1	228.189	20178.7	2842	577	450	1	0.1 Compound 1073 1084 0.988718 2.70149 Stem 450 747 0.567559 102.355 PrefixMorph 155 654 0.514837 5.50337 StemPrefixMorphs 747 1073 0.635136 199.239 SuffixMorph 152 812 0.145645 34.7151 SubMorph 265 1245 0.158759 64.4147
260	1	237.18	20133.8	2837	543	484	1	0.1 Compound 1069 1083 0.991827 1.54883e-09 Stem 484 752 0.528981 148.423 PrefixMorph 115 653 0.2967 18.4869 StemPrefixMorphs 752 1069 0.703573 124.63 SuffixMorph 152 791 0.220712 33.0043 SubMorph 265 1258 0.0208877 82.3933
270	1	246.593	20113.3	2820	556	471	2	0.1 Compound 1081 1093 0.989091 0.00319754 Stem 449 764 0.543909 124.233 PrefixMorph 118 643 0.555234 4.6306 StemPrefixMorphs 764 1081 0.642429 160.74 SuffixMorph 151 802 0.01673 48.887 SubMorph 257 1244 0.0120216 86.6889
280	1	255.956	20117.4	2863	570	457	1	0.1 Compound 1070 1079 0.99372 4.13423e-07 Stem 471 786 0.530642 129.355 PrefixMorph 118 670 0.470278 2.81043 StemPrefixMorphs 786 1070 0.700404 145.118 SuffixMorph 154 838 0.164285 34.9548 SubMorph 264 1243 0.072588 83.8762
290	1	265.073	20247.3	2829	583	444	1	0.1 Compound 1064 1074 0.993924 0.0206909 Stem 469 734 0.611046 109.346 PrefixMorph 130 633 0.442537 6.30743 StemPrefixMorphs 734 1064 0.612484 157.641 SuffixMorph 155 844 0.036913 45.2742 SubMorph 277 1249 0.0967009 93.0324
300	1	274.379	20135.2	2836	588	439	2	0.1 Compound 1069 1084 0.992047 1.19897 Stem 452 762 0.629526 86.7306 PrefixMorph 123 658 0.505384 3.11271 StemPrefixMorphs 762 1069 0.715408 83.5821 SuffixMorph 158 822 0.000722949 64.1915 SubMorph 272 1206 0.0411572 114.546
310	1	283.89	20018.6	2765	591	436	1	0.1 Compound 1070 1078 0.989297 9.5818e-07 Stem 447 748 0.515339 131.584 PrefixMorph 123 666 0.453208 5.76304 StemPrefixMorphs 748 1070 0.633519 182.94 SuffixMorph 140 838 0.0286157 41.2389 SubMorph 237 1196 0.0503417 86.4615
320	1	293.183	20205.2	2815	569	458	2	0.1 Compound 1076 1084 0.992405 0.806597 Stem 432 749 0.459868 132.034 PrefixMorph 141 663 0.572307 1.89049 StemPrefixMorphs 749 1076 0.612997 182.642 SuffixMorph 161 830 0.024699 67.1278 SubMorph 256 1227 0.0487148 70.2548
330	1	302.544	20190	2851	581	446	2	0.1 Compound 1063 1074 0.985226 0.797111 Stem 452 761 0.682763 46.7989 PrefixMorph 144 678 0.510535 6.98163 StemPrefixMorphs 761 1063 0.669707 173.811 SuffixMorph 168 816 0.201452 40.874 SubMorph 263 1247 0.0531545 90.0792
340	1	311.533	20199.1	2807	583	444	1	0.1 Compound 1059 1071 0.987236 31.1374 Stem 464 734 0.702408 37.5723 PrefixMorph 135 648 0.498375 7.9935 StemPrefixMorphs 734 1059 0.568119 219.061 SuffixMorph 173 833 0.0974036 41.4117 SubMorph 242 1273 0.0278909 75.4234
350	1	320.543	20187.5	2822	589	438	1	0.1 Compound 1072 1090 0.983401 4.75756e-08 Stem 448 756 0.580292 78.8451 PrefixMorph 131 650 0.416395 12.9145 StemPrefixMorphs 756 1072 0.626778 171.667 SuffixMorph 159 797 0.0182031 47.85 SubMorph 256 1264 0.0468667 83.8903
360	1	329.376	20329.2	2833	582	445	1	0.1 Compound 1066 1096 0.976641 0.0629635 Stem 437 752 0.586806 70.5947 PrefixMorph 130 654 0.498188 6.61836 StemPrefixMorphs 752 1066 0.65979 181.336 SuffixMorph 174 814 0.171335 41.5489 SubMorph 274 1250 0.00688022 95.9027
370	1	338.223	20293.5	2796	528	499	3	0.1 Compound 1060 1085 0.982866 39.4088 Stem 429 738 0.592035 76.3542 PrefixMorph 128 653 0.405375 6.85944 StemPrefixMorphs 738 1060 0.638144 144.264 SuffixMorph 179 817 0.0270702 57.1509 SubMorph 262 1217 0.0399211 95.0225
380	1	347.611	20261.1	2833	582	445	2	0.1 Compound 1057 1070 0.987921 0.00469113 Stem 456 743 0.530269 114.855 PrefixMorph 136 658 0.608218 0.000927271 StemPrefixMorphs 743 1057 0.617446 234.072 SuffixMorph 166 836 0.0553975 56.9769 SubMorph 275 1268 0.0939437 81.7665
390	1	356.535	20089.2	2878	559	468	1	0.1 Compound 1081 1092 0.995665 32.5154 Stem 468 778 0.678873 60.7696 PrefixMorph 131 695 0.544741 1.82289 StemPrefixMorphs 778 1081 0.661718 179.741 SuffixMorph 143 794 0.00978816 40.7139 SubMorph 277 1226 0.0592037 84.7415
400	1	366.291	20068.9	2815	574	453	0	0.1 Compound 1073 1076 0.999443 8.07632 Stem 433 740 0.528216 138.32 PrefixMorph 151 652 0.586298 4.44709 StemPrefixMorphs 740 1073 0.639614 157.492 SuffixMorph 161 822 0.281336 18.7833 SubMorph 257 1228 0.0204814 92.8666
410	1	375.69	20065.9	2802	533	494	2	0.1 Compound 1063 1071 0.989512 1.50011 Stem 444 744 0.610777 93.6237 PrefixMorph 130 652 0.46457 5.59307 StemPrefixMorphs 744 1063 0.513436 269.591 SuffixMorph 168 823 0.0427443 52.455 SubMorph 253 1238 0.163194 54.7652
420	1	384.895	20059.8	2788	558	469	2	0.1 Compound 1073 1082 0.992253 1.35038e-08 Stem 428 736 0.53957 87.0936 PrefixMorph 140 684 0.500632 4.7609 StemPrefixMorphs 736 1073 0.651477 127.2 SuffixMorph 158 792 0.00663813 49.108 SubMorph 253 1192 0.00873863 95.4115
430	1	394.287	20099.1	2814	577	450	2	0.1 Compound 1075 1079 0.997712 0.0537408 Stem 445 741 0.686633 60.0905 PrefixMorph 130 664 0.503776 6.41021 StemPrefixMorphs 741 1075 0.556119 199.252 SuffixMorph 169 782 0.257168 29.5348 SubMorph 254 1246 0.0669502 85.3763
440	1	403.725	20312.5	2848	567	460	2	0.1 Compound 1073 1083 0.990795 0.000301734 Stem 425 769 0.405688 142.951 PrefixMorph 159 692 0.579234 4.02671 StemPrefixMorphs 769 1073 0.650613 191.168 SuffixMorph 161 780 0.196832 40.1158 SubMorph 261 1262 0.0206192 94.4336
450	1	412.877	20224.3	2844	552	475	0	0.1 Compound 1067 1083 0.986821 2.83074 Stem 431 753 0.557233 68.8974 PrefixMorph 150 662 0.572429 5.622 StemPrefixMorphs 753 1067 0.63039 186.131 SuffixMorph 174 786 0.0963149 49.689 SubMorph 269 1254 0.0364978 94.7669
460	1	421.96	20307.7	2845	557	470	1	0.1 Compound 1071 1088 0.98232 0.0440232 Stem 445 750 0.506157 127.104 PrefixMorph 139 657 0.608277 0.147618 StemPrefixMorphs 750 1071 0.658978 155.761 SuffixMorph 175 790 0.108123 57.2209 SubMorph 265 1257 0.0333291 88.1352
470	1	431.536	20136.2	2815	596	431	2	0.1 Compound 1071 1080 0.991566 2.25315 Stem 425 762 0.45018 134.507 PrefixMorph 139 677 0.484988 7.69891 StemPrefixMorphs 762 1071 0.64288 212.236 SuffixMorph 168 821 0.19784 38.8402 SubMorph 250 1233 0.0156611 74.1305
480	1	440.979	20065.7	2822	595	432	1	0.1 Compound 1075 1084 0.991816 7.78979e-07 Stem 447 749 0.505531 137.74 PrefixMorph 141 690 0.430713 9.26874 StemPrefixMorphs 749 1075 0.63904 188.491 SuffixMorph 158 786 0.0140003 47.117 SubMorph 252 1218 0.00140203 75.5071
490	1	450.477	20119.4	2831	550	477	2	0.1 Compound 1071 1083 0.989185 0.353659 Stem 468 754 0.538645 128.697 PrefixMorph 127 655 0.375496 14.0668 StemPrefixMorphs 754 1071 0.633356 234.569 SuffixMorph 157 776 0.10342 47.0749 SubMorph 254 1282 0.0692003 70.1709
500	1	459.604	20061.9	2844	559	468	1	0.1 Compound 1068 1078 0.985877 9.49178e-09 Stem 465 753 0.51468 131.174 PrefixMorph 125 666 0.446776 9.69844 StemPrefixMorphs 753 1068 0.678958 113.456 SuffixMorph 156 774 0.0706779 51.0781 SubMorph 277 1252 0.00796881 96.4816
