# D = 1, E = 1, I = 1, P = 0, R = -1, n = 500, N = 1, P = 0, w = 1, a = 0.1, b = 1000, e = 1, f = 1, g = 10, h = 0.1, r = 1681487897, s = 1, S = 0, x = 10, m = 0, Z = 1, z = 0, T = 1, t = 1
# 10012 tokens in 1027 sentences
#
# It	Temp	Time	-logP	tables	same	changed	reject	default_pya	(parent pym pyn pya pyb)*
0	1	0.07934	39125.4	7193	0	1027	0	0.1 Prefix 1027 1027 0.1 1000 Stem 1027 1027 0.1 1000 Suffix 1027 1027 0.1 1000 SubMorph 4112 4112 0.1 1000
10	1	2.62895	24590.7	1794	126	901	4	0.1 Prefix 402 1027 0.40879 88.9827 Stem 523 1027 0.329999 170.631 Suffix 451 1027 0.604446 48.2572 SubMorph 418 1836 0.0386388 155.945
20	1	4.72264	24192.6	1638	154	873	1	0.1 Prefix 323 1027 0.272694 71.1744 Stem 509 1027 0.215061 232.159 Suffix 453 1027 0.441201 119.995 SubMorph 353 1790 0.0488214 106.846
30	1	6.79636	23543.7	1574	173	854	0	0.1 Prefix 290 1027 0.296434 70.5242 Stem 568 1027 0.591233 86.7532 Suffix 373 1027 0.400175 83.0523 SubMorph 343 1777 0.029169 105.678
40	1	8.75124	23366.7	1405	183	844	0	0.1 Prefix 228 1027 0.376503 23.3887 Stem 536 1027 0.424158 152.78 Suffix 339 1027 0.496845 35.2087 SubMorph 302 1724 0.0416745 92.8165
50	1	10.6297	23394	1457	179	848	1	0.1 Prefix 265 1027 0.317901 46.9522 Stem 559 1027 0.446775 169.353 Suffix 305 1027 0.221777 83.6575 SubMorph 328 1749 0.114646 91.0338
60	1	12.4853	22958	1382	203	824	0	0.1 Prefix 224 1027 0.42168 21.5376 Stem 535 1027 0.36249 190.245 Suffix 319 1027 0.395596 37.2485 SubMorph 304 1694 0.0284763 102.011
70	1	14.3522	23086.1	1407	192	835	0	0.1 Prefix 223 1027 0.437614 20.233 Stem 580 1027 0.489186 164.245 Suffix 302 1027 0.312153 45.4902 SubMorph 302 1750 0.0448014 98.9915
80	1	16.1665	22983.3	1457	203	824	0	0.1 Prefix 247 1027 0.470093 18.4684 Stem 574 1027 0.329643 185.645 Suffix 306 1027 0.385429 62.5326 SubMorph 330 1708 0.0393625 98.1563
90	1	18.0811	23100.7	1386	207	820	1	0.1 Prefix 248 1027 0.407652 38.3312 Stem 541 1027 0.228368 290.619 Suffix 291 1027 0.282336 57.1694 SubMorph 306 1681 0.0690163 89.132
100	1	19.9559	23367.7	1453	199	828	0	0.1 Prefix 232 1027 0.419835 25.8563 Stem 557 1027 0.378782 191.751 Suffix 343 1027 0.499539 28.2757 SubMorph 321 1746 0.253201 50.9029
110	1	21.8328	22991	1427	218	809	0	0.1 Prefix 234 1027 0.449715 16.3468 Stem 552 1027 0.356713 200.194 Suffix 322 1027 0.429485 39.7933 SubMorph 319 1672 0.154373 75.9492
120	1	23.7479	22920.9	1404	198	829	0	0.1 Prefix 246 1027 0.348075 42.8871 Stem 540 1027 0.354094 189.444 Suffix 291 1027 0.406891 39.6919 SubMorph 327 1665 0.0197526 103.641
130	1	25.5843	22726.7	1387	231	796	0	0.1 Prefix 215 1027 0.405093 18.9276 Stem 541 1027 0.418596 189.503 Suffix 301 1027 0.416893 42.3746 SubMorph 330 1679 0.00181653 111.447
140	1	27.3987	22744.8	1350	222	805	1	0.1 Prefix 196 1027 0.434116 10.3065 Stem 542 1027 0.367506 181.197 Suffix 305 1027 0.406071 40.6263 SubMorph 307 1641 0.0180542 94.2029
150	1	29.2539	22887.4	1370	232	795	1	0.1 Prefix 187 1027 0.372851 21.8544 Stem 523 1027 0.356505 173.676 Suffix 340 1027 0.321353 78.5707 SubMorph 320 1659 0.00562654 117.089
160	1	31.1409	22920.9	1388	220	807	1	0.1 Prefix 174 1027 0.29454 22.2727 Stem 550 1027 0.265001 242.246 Suffix 345 1027 0.353254 62.7299 SubMorph 319 1655 0.0385424 115.616
170	1	33.0564	22634.5	1391	221	806	2	0.1 Prefix 175 1027 0.383022 15.1034 Stem 571 1027 0.423566 177.31 Suffix 358 1027 0.427453 64.32 SubMorph 287 1653 0.0792042 73.0617
180	1	34.8943	22630.8	1413	208	819	2	0.1 Prefix 202 1027 0.370116 31.0853 Stem 555 1027 0.40453 176.387 Suffix 341 1027 0.503858 43.1574 SubMorph 315 1656 0.0580287 94.0571
190	1	36.7353	22826.7	1466	199	828	1	0.1 Prefix 207 1027 0.412827 16.3212 Stem 567 1027 0.412013 189.987 Suffix 363 1027 0.342094 75.8735 SubMorph 329 1669 0.158368 85.9214
200	1	38.595	22739.1	1449	228	799	0	0.1 Prefix 200 1027 0.433892 19.0769 Stem 569 1027 0.500433 147.74 Suffix 390 1027 0.483533 49.5418 SubMorph 290 1721 0.00737117 97.6588
210	1	40.5101	22820.7	1463	214	813	1	0.1 Prefix 242 1027 0.520202 7.73743 Stem 554 1027 0.222193 302.133 Suffix 345 1027 0.456745 56.3992 SubMorph 322 1653 0.0476558 112.076
220	1	42.4507	22723	1388	193	834	1	0.1 Prefix 211 1027 0.3644 26.3764 Stem 543 1027 0.272723 240.428 Suffix 320 1027 0.498236 39.2715 SubMorph 314 1643 0.0364593 90.9795
230	1	44.3106	22756.2	1389	203	824	2	0.1 Prefix 211 1027 0.376954 20.0889 Stem 560 1027 0.430744 155.888 Suffix 297 1027 0.486063 14.9791 SubMorph 321 1643 0.0630861 90.327
240	1	46.1897	22784.1	1399	211	816	2	0.1 Prefix 217 1027 0.423578 21.5394 Stem 555 1027 0.400567 221.777 Suffix 304 1027 0.450455 45.0214 SubMorph 323 1634 0.0524423 105.322
250	1	48.0634	22715	1471	199	828	0	0.1 Prefix 201 1027 0.356769 17.119 Stem 552 1027 0.393521 185.601 Suffix 394 1027 0.50606 59.8406 SubMorph 324 1669 0.0547062 100.815
260	1	49.9905	22525.6	1432	224	803	0	0.1 Prefix 183 1027 0.36671 22.3167 Stem 541 1027 0.165442 302.97 Suffix 381 1027 0.460861 59.0285 SubMorph 327 1634 0.0619869 101.612
270	1	51.8518	22499.3	1419	232	795	1	0.1 Prefix 182 1027 0.376078 16.0412 Stem 560 1027 0.475872 149.049 Suffix 366 1027 0.480426 41.9087 SubMorph 311 1656 0.0179722 108.605
280	1	53.7241	22582.7	1392	220	807	2	0.1 Prefix 201 1027 0.442513 17.5197 Stem 582 1027 0.502553 112.063 Suffix 299 1027 0.312887 69.4029 SubMorph 310 1664 0.0155615 92.8875
290	1	55.59	22510.5	1391	234	793	0	0.1 Prefix 191 1027 0.436302 10.5799 Stem 532 1027 0.397381 152.317 Suffix 359 1027 0.458198 51.0794 SubMorph 309 1636 0.0309525 96.214
300	1	57.5091	22695.1	1361	221	806	0	0.1 Prefix 190 1027 0.378167 18.2455 Stem 569 1027 0.464503 162.322 Suffix 301 1027 0.370403 59.2999 SubMorph 301 1651 0.00614902 93.8534
310	1	59.3454	22648.6	1331	215	812	1	0.1 Prefix 181 1027 0.384435 15.4813 Stem 533 1027 0.259065 196.333 Suffix 309 1027 0.397374 43.26 SubMorph 308 1618 0.00342239 107.47
320	1	61.1906	22793.5	1429	207	820	0	0.1 Prefix 202 1027 0.310944 26.4086 Stem 565 1027 0.513828 128.547 Suffix 340 1027 0.406364 56.5698 SubMorph 322 1687 0.110161 89.4428
330	1	63.0563	22938.9	1408	201	826	0	0.1 Prefix 191 1027 0.422587 16.3287 Stem 561 1027 0.485772 131.349 Suffix 323 1027 0.496506 40.3417 SubMorph 333 1677 0.0281902 114.624
340	1	64.9463	22875.9	1405	208	819	1	0.1 Prefix 215 1027 0.381868 21.5844 Stem 560 1027 0.335184 233.455 Suffix 319 1027 0.383399 49.2845 SubMorph 311 1650 0.0885018 99.8608
350	1	66.8214	22624.6	1394	213	814	2	0.1 Prefix 162 1027 0.346016 27.3817 Stem 574 1027 0.377595 222.176 Suffix 341 1027 0.509288 27.5352 SubMorph 317 1648 0.0197361 111.969
360	1	68.6817	22876.9	1476	183	844	0	0.1 Prefix 193 1027 0.404168 20.6136 Stem 568 1027 0.378223 195.826 Suffix 382 1027 0.53595 37.7365 SubMorph 333 1691 0.0587674 114.208
370	1	70.5949	22621.4	1453	218	809	1	0.1 Prefix 204 1027 0.494674 8.7538 Stem 548 1027 0.441678 145.64 Suffix 368 1027 0.405051 69.6849 SubMorph 333 1636 0.000573666 123.924
380	1	72.491	22694.4	1440	219	808	0	0.1 Prefix 180 1027 0.382444 15.474 Stem 556 1027 0.406232 171.25 Suffix 366 1027 0.402799 64.4986 SubMorph 338 1647 0.190944 65.1422
390	1	74.3696	22584.9	1377	218	809	2	0.1 Prefix 195 1027 0.409909 11.7864 Stem 554 1027 0.499244 114.445 Suffix 313 1027 0.386165 59.4978 SubMorph 315 1630 0.149921 76.8196
400	1	76.2752	22896.3	1370	238	789	1	0.1 Prefix 188 1027 0.263263 31.9661 Stem 597 1027 0.442736 197.891 Suffix 269 1027 0.102926 90.8104 SubMorph 316 1692 0.0141109 100.703
410	1	78.0926	23053.9	1408	194	833	0	0.1 Prefix 204 1027 0.345466 22.0797 Stem 578 1027 0.490665 168.711 Suffix 297 1027 0.231218 79.6557 SubMorph 329 1649 0.0506283 111.476
420	1	80.021	22925.7	1426	221	806	0	0.1 Prefix 245 1027 0.445603 22.8263 Stem 533 1027 0.333545 175.366 Suffix 324 1027 0.36883 63.0184 SubMorph 324 1624 0.0148155 108.1
430	1	81.8971	22932.7	1435	179	848	1	0.1 Prefix 223 1027 0.343384 30.5537 Stem 573 1027 0.507672 116.907 Suffix 315 1027 0.37338 56.9511 SubMorph 324 1637 0.0121675 110.107
440	1	83.7505	22733.6	1350	201	826	1	0.1 Prefix 227 1027 0.46817 9.60255 Stem 569 1027 0.437334 189.823 Suffix 237 1027 0.351942 37.5609 SubMorph 317 1661 0.0392485 99.3874
450	1	85.5469	22567.6	1360	209	818	1	0.1 Prefix 203 1027 0.523301 6.50618 Stem 559 1027 0.33523 197.692 Suffix 282 1027 0.331882 51.3022 SubMorph 316 1615 0.0264753 118.88
460	1	87.3913	22598.5	1358	198	829	1	0.1 Prefix 182 1027 0.490509 11.042 Stem 567 1027 0.460025 203.45 Suffix 305 1027 0.432112 32.8815 SubMorph 304 1618 0.00289071 102.326
470	1	89.1703	22889.1	1440	181	846	1	0.1 Prefix 208 1027 0.277479 32.2974 Stem 573 1027 0.466967 171.084 Suffix 339 1027 0.490716 45.1726 SubMorph 320 1695 0.074679 90.792
480	1	91.0167	22787.2	1353	175	852	1	0.1 Prefix 203 1027 0.373923 22.0857 Stem 571 1027 0.348371 231.633 Suffix 262 1027 0.235672 72.1585 SubMorph 317 1619 0.109293 102.203
490	1	92.833	22893.8	1445	209	818	1	0.1 Prefix 209 1027 0.425326 21.1949 Stem 568 1027 0.49196 141.454 Suffix 343 1027 0.429348 64.588 SubMorph 325 1667 0.0244443 105.434
500	1	94.6796	22940.1	1432	204	823	1	0.1 Prefix 223 1027 0.423269 29.473 Stem 552 1027 0.355991 211.544 Suffix 317 1027 0.27641 92.337 SubMorph 340 1642 0.0496656 100.607
