# D = 1, E = 1, I = 1, P = 0, R = -1, n = 500, N = 1, P = 0, w = 1, a = 0.1, b = 1000, e = 1, f = 1, g = 10, h = 0.1, r = 1681488077, s = 1, S = 0, x = 10, m = 0, Z = 1, z = 0, T = 1, t = 1
# 10012 tokens in 1027 sentences
#
# It	Temp	Time	-logP	tables	same	changed	reject	default_pya	(parent pym pyn pya pyb)*
0	1	0.085027	38526.5	5905	0	1027	0	0.1 Morph 1971 1971 0.1 1000 SubMorph 3934 3934 0.1 1000
10	1	2.25507	23798.3	1443	347	680	1	0.1 Morph 985 2385 0.299137 271.968 SubMorph 458 1680 0.223126 116.511
20	1	4.06402	23037.9	1276	409	618	1	0.1 Morph 923 2277 0.214881 334.172 SubMorph 353 1686 0.0116006 133.743
30	1	5.91501	22903.3	1324	402	625	1	0.1 Morph 962 2238 0.219336 350.621 SubMorph 362 1762 0.104888 105.646
40	1	7.69196	22923	1237	436	591	0	0.1 Morph 885 2251 0.251984 306.04 SubMorph 352 1673 0.0429781 117.777
50	1	9.53492	23114.6	1278	412	615	1	0.1 Morph 915 2311 0.278355 269.724 SubMorph 363 1677 0.163717 89.9353
60	1	11.4447	22772.4	1246	395	632	1	0.1 Morph 908 2311 0.285247 290.761 SubMorph 338 1637 0.143816 95.6391
70	1	13.2935	23032.8	1252	415	612	0	0.1 Morph 908 2295 0.223752 323.494 SubMorph 344 1672 0.119147 102.223
80	1	15.1177	22951.6	1254	420	607	1	0.1 Morph 899 2274 0.319019 256.044 SubMorph 355 1666 0.0462196 117.557
90	1	17.6513	22815	1283	406	621	0	0.1 Morph 952 2267 0.281814 295.627 SubMorph 331 1711 0.0595292 97.7257
100	1	19.5127	22760.2	1257	419	608	0	0.1 Morph 935 2256 0.294114 313.324 SubMorph 322 1719 0.120429 76.6803
110	1	21.3295	22713.2	1280	393	634	0	0.1 Morph 977 2238 0.389708 235.219 SubMorph 303 1781 0.016761 102.633
120	1	23.2095	22793.3	1308	406	621	0	0.1 Morph 964 2248 0.307586 326.726 SubMorph 344 1722 0.0485438 101.006
130	1	25.0698	22755.7	1255	425	602	1	0.1 Morph 909 2221 0.258647 283.133 SubMorph 346 1698 0.10415 104.509
140	1	26.9852	22772	1266	437	590	0	0.1 Morph 918 2225 0.313843 262.273 SubMorph 348 1740 0.0233481 122.597
150	1	28.7371	22522.4	1209	422	605	1	0.1 Morph 890 2257 0.284231 243.746 SubMorph 319 1667 0.0507897 93.3532
160	1	30.5627	22535.9	1257	420	607	2	0.1 Morph 958 2212 0.329168 251.888 SubMorph 299 1773 0.0490081 96.9266
170	1	32.4315	22694.7	1286	410	617	0	0.1 Morph 950 2239 0.355104 249.223 SubMorph 336 1730 0.044418 104.207
180	1	34.2312	22367.4	1207	454	573	0	0.1 Morph 912 2220 0.24809 313.86 SubMorph 295 1733 0.112726 69.337
190	1	36.0092	22579.5	1174	428	599	0	0.1 Morph 873 2201 0.311196 234.562 SubMorph 301 1724 0.00329396 99.4567
200	1	37.9351	22695.8	1273	417	610	0	0.1 Morph 919 2196 0.372835 234.415 SubMorph 354 1743 0.0874333 109.342
210	1	39.7393	22801.8	1255	415	612	0	0.1 Morph 942 2202 0.315089 281.025 SubMorph 313 1806 0.0452194 90.6692
220	1	41.5392	22639.6	1211	421	606	0	0.1 Morph 912 2251 0.215829 332.165 SubMorph 299 1726 0.0560025 78.7314
230	1	43.4086	22640	1264	417	610	1	0.1 Morph 944 2244 0.244874 345.563 SubMorph 320 1708 0.0117181 103.096
240	1	45.259	22540.7	1275	434	593	1	0.1 Morph 965 2216 0.329354 296.276 SubMorph 310 1770 0.0845599 84.2502
250	1	47.1378	22626.6	1250	398	629	1	0.1 Morph 938 2229 0.325149 297.281 SubMorph 312 1735 0.0436468 94.2328
260	1	48.9621	22606.5	1258	406	621	1	0.1 Morph 908 2227 0.281123 288.494 SubMorph 350 1706 0.0327071 122.126
270	1	50.789	22532.4	1245	433	594	3	0.1 Morph 908 2216 0.320369 249.438 SubMorph 337 1730 0.113114 87.9583
280	1	52.5981	22539.7	1241	413	614	1	0.1 Morph 922 2226 0.369257 232.146 SubMorph 319 1715 0.0560359 91.5961
290	1	54.4293	22442.3	1225	426	601	1	0.1 Morph 893 2238 0.360415 222.351 SubMorph 332 1684 0.000631155 107.827
300	1	56.1611	22464	1230	409	618	1	0.1 Morph 928 2194 0.255332 324.337 SubMorph 302 1756 0.11526 81.0513
310	1	58.0118	22555.7	1250	384	643	1	0.1 Morph 921 2230 0.434045 187.151 SubMorph 329 1716 0.0182113 111.316
320	1	59.8549	22722.8	1275	384	643	2	0.1 Morph 932 2242 0.281391 304.938 SubMorph 343 1699 0.0201602 119.475
330	1	61.7352	22574.8	1225	418	609	1	0.1 Morph 898 2206 0.189912 368.679 SubMorph 327 1695 0.123511 81.7957
340	1	63.5432	22452.3	1257	400	627	2	0.1 Morph 932 2194 0.219298 374.236 SubMorph 325 1739 0.0482805 87.7659
350	1	65.3756	22420.9	1272	453	574	2	0.1 Morph 941 2167 0.341104 236.714 SubMorph 331 1781 0.0483883 105.025
360	1	67.2384	22347.9	1225	415	612	0	0.1 Morph 918 2207 0.333854 275.989 SubMorph 307 1727 0.0384492 88.4438
370	1	69.0437	22372.9	1192	449	578	2	0.1 Morph 896 2261 0.29831 256.423 SubMorph 296 1662 0.0141074 93.6378
380	1	70.8734	22638.3	1258	403	624	1	0.1 Morph 948 2212 0.325702 280.803 SubMorph 310 1787 0.0568346 94.6514
390	1	72.7352	22440.8	1184	438	589	0	0.1 Morph 875 2256 0.311561 244.66 SubMorph 309 1659 0.0139488 116.747
400	1	74.5369	22497.7	1200	429	598	0	0.1 Morph 886 2277 0.362324 200.264 SubMorph 314 1656 0.0429916 99.0809
410	1	76.32	22441.9	1218	430	597	0	0.1 Morph 907 2209 0.220292 337.432 SubMorph 311 1728 0.14179 65.5414
420	1	78.0763	22322.6	1180	453	574	0	0.1 Morph 857 2237 0.323939 232.012 SubMorph 323 1654 0.0957241 91.7726
430	1	79.9528	22523.8	1222	425	602	1	0.1 Morph 918 2229 0.43504 186.431 SubMorph 304 1742 0.0384892 93.1642
440	1	81.7316	22481.4	1219	426	601	0	0.1 Morph 906 2236 0.30234 275.598 SubMorph 313 1719 0.226732 66.0404
450	1	83.5895	22244.1	1219	447	580	2	0.1 Morph 919 2202 0.352863 240.099 SubMorph 300 1732 0.0380603 94.1854
460	1	85.4233	22516.2	1255	411	616	2	0.1 Morph 932 2235 0.35284 260.102 SubMorph 323 1716 0.122086 82.3658
470	1	87.2182	22382.1	1229	422	605	3	0.1 Morph 924 2238 0.366943 233.78 SubMorph 305 1706 0.122042 76.6802
480	1	89.0798	22411.8	1230	419	608	0	0.1 Morph 922 2186 0.321808 267.398 SubMorph 308 1749 0.112768 76.7566
490	1	90.8558	22376.3	1198	405	622	2	0.1 Morph 892 2210 0.265713 294.623 SubMorph 306 1686 0.0444227 94.2628
500	1	92.6393	22457.5	1229	401	626	1	0.1 Morph 939 2248 0.27626 309.399 SubMorph 290 1702 0.00763332 95.3866
