# D = 1, E = 1, I = 1, P = 0, R = -1, n = 500, N = 1, P = 0, w = 1, a = 0.1, b = 1000, e = 1, f = 1, g = 10, h = 0.1, r = 1681488556, s = 1, S = 0, x = 10, m = 0, Z = 1, z = 0, T = 1, t = 1
# 10012 tokens in 1027 sentences
#
# It	Temp	Time	-logP	tables	same	changed	reject	default_pya	(parent pym pyn pya pyb)*
0	1	0.17015	40406.3	7746	0	1027	0	0.1 PrefixMorph 726 726 0.1 1000 StemPrefixMorphs 1027 1027 0.1 1000 Stem 1027 1027 0.1 1000 SuffixMorph 693 693 0.1 1000 SubMorph 4273 4273 0.1 1000
10	1	4.95133	21782.3	1985	400	627	1	0.1 PrefixMorph 150 596 0.321053 25.648 StemPrefixMorphs 716 1027 0.674504 156.284 Stem 451 716 0.641248 69.4804 SuffixMorph 309 1020 0.277536 73.7048 SubMorph 359 1372 0.0273722 117.38
20	1	9.2444	20831.5	1847	476	551	0	0.1 PrefixMorph 126 629 0.282583 17.8237 StemPrefixMorphs 717 1027 0.63889 139.605 Stem 451 717 0.621906 78.1214 SuffixMorph 277 1002 0.351876 41.3605 SubMorph 276 1272 0.00981532 107.95
30	1	13.47	20682.9	1803	496	531	0	0.1 PrefixMorph 119 635 0.232894 20.388 StemPrefixMorphs 716 1027 0.599582 196.353 Stem 461 716 0.697103 44.8425 SuffixMorph 249 968 0.375397 31.2348 SubMorph 258 1312 0.0778616 70.6473
40	1	17.5497	20629.3	1808	490	537	4	0.1 PrefixMorph 129 666 0.453711 9.11946 StemPrefixMorphs 749 1027 0.709248 129.435 Stem 445 749 0.616023 88.2021 SuffixMorph 219 926 0.122206 62.8686 SubMorph 266 1285 0.105573 79.3167
50	1	21.7084	20678.6	1812	529	498	0	0.1 PrefixMorph 142 668 0.367329 13.0198 StemPrefixMorphs 740 1027 0.654112 150.409 Stem 442 740 0.547672 96.1166 SuffixMorph 220 920 0.208562 55.1549 SubMorph 268 1282 0.0395712 84.7785
60	1	25.851	20703.5	1861	495	532	0	0.1 PrefixMorph 159 680 0.417068 11.3323 StemPrefixMorphs 756 1027 0.680993 143.648 Stem 458 756 0.47309 172.574 SuffixMorph 191 905 0.0641983 63.4456 SubMorph 297 1303 0.175412 76.0671
70	1	30.0962	20595.5	1833	521	506	0	0.1 PrefixMorph 144 634 0.513836 11.8905 StemPrefixMorphs 753 1027 0.69826 156.414 Stem 454 753 0.546853 113.876 SuffixMorph 209 898 0.275441 42.5004 SubMorph 273 1336 0.0529553 84.622
80	1	34.2909	20564.4	1842	532	495	2	0.1 PrefixMorph 140 659 0.517794 3.30715 StemPrefixMorphs 750 1027 0.715894 98.6321 Stem 464 750 0.561722 115.628 SuffixMorph 219 891 0.134154 67.702 SubMorph 269 1324 0.00356818 84.2049
90	1	38.5237	20407.1	1817	530	497	0	0.1 PrefixMorph 142 642 0.3347 15.8283 StemPrefixMorphs 748 1027 0.74118 89.4247 Stem 442 748 0.599337 81.6057 SuffixMorph 201 905 0.125504 58.0583 SubMorph 284 1295 0.261895 56.3296
100	1	42.7295	20537.9	1807	516	511	2	0.1 PrefixMorph 137 653 0.404056 19.526 StemPrefixMorphs 745 1027 0.661428 171.117 Stem 440 745 0.48557 149.869 SuffixMorph 217 932 0.257722 40.008 SubMorph 268 1274 0.0936243 69.2838
110	1	46.8343	20337.7	1795	524	503	1	0.1 PrefixMorph 134 654 0.350578 18.1641 StemPrefixMorphs 756 1027 0.639472 172.751 Stem 442 756 0.474602 143.826 SuffixMorph 218 918 0.241193 45.3074 SubMorph 245 1288 0.0474159 76.9147
120	1	50.9883	20411.9	1788	550	477	0	0.1 PrefixMorph 124 635 0.296772 20.2956 StemPrefixMorphs 755 1027 0.727154 160.939 Stem 445 755 0.497819 96.9973 SuffixMorph 209 891 0.234832 40.3732 SubMorph 255 1303 0.0977691 64.8823
130	1	55.211	20361.5	1797	521	506	0	0.1 PrefixMorph 128 647 0.499331 5.93215 StemPrefixMorphs 747 1027 0.656594 179.064 Stem 450 747 0.591879 87.738 SuffixMorph 195 882 0.0826032 54.5614 SubMorph 277 1290 0.0712624 74.1111
140	1	59.4055	20373.9	1820	519	508	0	0.1 PrefixMorph 141 654 0.522428 6.89547 StemPrefixMorphs 754 1027 0.676119 209.345 Stem 444 754 0.538118 108.839 SuffixMorph 186 887 0.197338 49.8942 SubMorph 295 1276 0.121243 77.2061
150	1	63.6291	20307.7	1829	567	460	0	0.1 PrefixMorph 142 647 0.432462 16.4701 StemPrefixMorphs 757 1027 0.701798 194.73 Stem 494 757 0.700194 63.5614 SuffixMorph 173 868 0.17018 42.3133 SubMorph 263 1344 0.0396264 83.4179
160	1	68.0593	20451.7	1890	548	479	1	0.1 PrefixMorph 145 624 0.542976 3.75043 StemPrefixMorphs 743 1027 0.631568 177.045 Stem 496 743 0.581414 100.013 SuffixMorph 215 901 0.326333 34.6315 SubMorph 291 1375 0.0512421 88.589
170	1	72.2646	20440	1826	525	502	2	0.1 PrefixMorph 140 646 0.431862 15.0475 StemPrefixMorphs 755 1027 0.650815 190.853 Stem 478 755 0.514733 156.849 SuffixMorph 189 881 0.0475629 70.827 SubMorph 264 1345 0.0098661 91.8411
180	1	76.493	20241.1	1790	576	451	2	0.1 PrefixMorph 122 649 0.437718 6.70633 StemPrefixMorphs 767 1027 0.684993 125.081 Stem 448 767 0.536865 95.3796 SuffixMorph 187 885 0.142321 49.5484 SubMorph 266 1311 0.0480336 85.1376
190	1	80.7158	20513.5	1839	541	486	2	0.1 PrefixMorph 122 653 0.30323 15.0672 StemPrefixMorphs 743 1027 0.670517 143.505 Stem 457 743 0.497554 135.554 SuffixMorph 227 883 0.267076 49.2367 SubMorph 290 1332 0.14355 69.5585
200	1	84.9216	20362.5	1825	530	497	2	0.1 PrefixMorph 133 645 0.468474 9.50512 StemPrefixMorphs 742 1027 0.632835 194.154 Stem 440 742 0.466725 135.017 SuffixMorph 223 884 0.254427 56.9263 SubMorph 287 1278 0.0868893 91.6024
210	1	89.0567	20269.5	1828	523	504	0	0.1 PrefixMorph 142 657 0.558563 5.65743 StemPrefixMorphs 760 1027 0.635745 206.617 Stem 458 760 0.604128 97.2693 SuffixMorph 197 862 0.0972699 55.8162 SubMorph 271 1316 0.11215 81.489
220	1	93.24	20387.7	1829	526	501	1	0.1 PrefixMorph 126 648 0.432213 8.30766 StemPrefixMorphs 752 1027 0.656426 196.69 Stem 437 752 0.450598 150.287 SuffixMorph 226 866 0.281918 50.1275 SubMorph 288 1292 0.0860871 92.3518
230	1	97.5337	20421.5	1823	519	508	2	0.1 PrefixMorph 128 671 0.234424 20.1175 StemPrefixMorphs 778 1027 0.774397 99.3497 Stem 468 778 0.551807 92.3432 SuffixMorph 180 876 0.189397 37.2762 SubMorph 269 1263 0.043433 91.9106
240	1	101.83	20434	1861	514	513	1	0.1 PrefixMorph 147 664 0.495193 14.5748 StemPrefixMorphs 775 1027 0.723135 94.3022 Stem 484 775 0.623512 90.589 SuffixMorph 186 852 0.223062 36.0794 SubMorph 269 1354 0.186085 61.1999
250	1	106.165	20401	1835	537	490	0	0.1 PrefixMorph 158 698 0.55 10.9734 StemPrefixMorphs 781 1027 0.658236 249.275 Stem 454 781 0.382973 215.82 SuffixMorph 176 859 0.0269559 57.8413 SubMorph 266 1297 0.0434696 82.3399
260	1	110.335	20361.2	1846	522	505	1	0.1 PrefixMorph 163 680 0.582596 13.0092 StemPrefixMorphs 752 1027 0.654262 164.311 Stem 452 752 0.53042 111.721 SuffixMorph 197 856 0.290624 36.8775 SubMorph 282 1323 0.0855575 86.9493
270	1	114.643	20500	1843	514	513	4	0.1 PrefixMorph 136 651 0.470365 19.0967 StemPrefixMorphs 744 1027 0.694345 147.619 Stem 463 744 0.511488 132.505 SuffixMorph 224 902 0.198511 51.4732 SubMorph 276 1346 0.0242937 84.4772
280	1	118.924	20378.9	1810	528	499	2	0.1 PrefixMorph 143 648 0.506536 6.51388 StemPrefixMorphs 761 1027 0.640665 193.804 Stem 462 761 0.600918 87.1511 SuffixMorph 189 860 0.109868 43.6195 SubMorph 255 1344 0.0326476 85.9496
290	1	123.023	20551.1	1819	538	489	2	0.1 PrefixMorph 134 646 0.492612 3.73862 StemPrefixMorphs 752 1027 0.70466 146.652 Stem 457 752 0.488755 162.822 SuffixMorph 208 872 0.244613 46.3611 SubMorph 268 1350 0.128323 73.7394
300	1	127.144	20302.9	1762	554	473	1	0.1 PrefixMorph 135 661 0.41705 4.08965 StemPrefixMorphs 729 1027 0.627226 188.71 Stem 461 729 0.550898 140.954 SuffixMorph 188 883 0.144484 53.6359 SubMorph 249 1324 0.0516267 73.3047
310	1	131.339	20255.1	1789	560	467	0	0.1 PrefixMorph 128 655 0.482101 7.60012 StemPrefixMorphs 749 1027 0.724576 126.784 Stem 475 749 0.558189 117.681 SuffixMorph 176 874 0.0512975 48.6746 SubMorph 261 1288 0.0633688 74.6029
320	1	135.54	20313.6	1818	534	493	2	0.1 PrefixMorph 148 670 0.535272 9.09793e-06 StemPrefixMorphs 761 1027 0.642472 172.733 Stem 467 761 0.488513 144.187 SuffixMorph 179 838 0.164253 48.0613 SubMorph 263 1356 0.0034539 97.3727
330	1	139.818	20145	1811	569	458	1	0.1 PrefixMorph 146 660 0.500737 10.9413 StemPrefixMorphs 773 1027 0.70613 159.816 Stem 470 773 0.517063 120.746 SuffixMorph 170 850 0.124286 43.3119 SubMorph 252 1337 0.0424487 83.9762
340	1	144.017	20411.8	1867	524	503	2	0.1 PrefixMorph 168 690 0.635638 2.918 StemPrefixMorphs 766 1027 0.712382 105.767 Stem 459 766 0.519414 124.781 SuffixMorph 193 856 0.0164383 59.1076 SubMorph 281 1332 0.0266734 107.976
350	1	148.255	20234.1	1762	527	500	1	0.1 PrefixMorph 109 627 0.243584 21.5571 StemPrefixMorphs 746 1027 0.691621 139.936 Stem 467 746 0.628841 78.5326 SuffixMorph 190 872 0.116297 52.8932 SubMorph 250 1327 0.0237966 73.6748
360	1	152.371	20206.7	1794	523	504	1	0.1 PrefixMorph 144 702 0.420681 10.3113 StemPrefixMorphs 759 1027 0.72176 137.797 Stem 446 759 0.507343 117.442 SuffixMorph 189 892 0.108536 46.3867 SubMorph 256 1272 0.0786478 83.5309
370	1	156.62	20381.8	1872	525	502	2	0.1 PrefixMorph 153 680 0.554404 2.4124e-07 StemPrefixMorphs 769 1027 0.719493 141.128 Stem 471 769 0.625959 83.7031 SuffixMorph 187 853 0.271642 32.0888 SubMorph 292 1340 0.114582 80.5007
380	1	160.966	20356.5	1858	554	473	1	0.1 PrefixMorph 143 676 0.514606 3.45822 StemPrefixMorphs 771 1027 0.737107 161.149 Stem 484 771 0.674159 39.9054 SuffixMorph 196 851 0.281488 38.1567 SubMorph 264 1377 0.012022 94.6246
390	1	165.219	20410.5	1845	530	497	0	0.1 PrefixMorph 144 702 0.425196 14.2079 StemPrefixMorphs 768 1027 0.676175 170.613 Stem 456 768 0.429506 181.557 SuffixMorph 203 829 0.345125 23.4747 SubMorph 274 1323 0.0288921 94.9324
400	1	169.428	20409.2	1823	520	507	2	0.1 PrefixMorph 155 698 0.409001 12.9782 StemPrefixMorphs 768 1027 0.716074 162.707 Stem 449 768 0.52308 126.889 SuffixMorph 190 832 0.207806 57.4828 SubMorph 261 1307 0.0498945 86.565
410	1	173.693	20110.4	1816	551	476	1	0.1 PrefixMorph 131 694 0.424661 15.3643 StemPrefixMorphs 768 1027 0.732798 176.624 Stem 457 768 0.491894 116.895 SuffixMorph 191 837 0.303587 40.9203 SubMorph 269 1293 0.0561492 88.2154
420	1	177.903	20392.9	1843	539	488	0	0.1 PrefixMorph 134 673 0.419919 10.1666 StemPrefixMorphs 761 1027 0.737315 110.57 Stem 474 761 0.598063 127.502 SuffixMorph 182 825 0.249999 46.9414 SubMorph 292 1343 0.0145119 110.247
430	1	182.187	20467.6	1875	547	480	1	0.1 PrefixMorph 171 676 0.593772 3.57023 StemPrefixMorphs 772 1027 0.683767 210.686 Stem 469 772 0.570355 99.1573 SuffixMorph 170 819 0.0345118 48.2451 SubMorph 293 1391 0.135196 75.5612
440	1	186.442	20262.1	1833	556	471	4	0.1 PrefixMorph 153 678 0.454243 25.4767 StemPrefixMorphs 763 1027 0.732422 139.211 Stem 451 763 0.501907 141.668 SuffixMorph 181 836 0.228212 44.306 SubMorph 285 1319 0.0511999 103.583
450	1	190.762	20368.9	1838	501	526	0	0.1 PrefixMorph 125 683 0.155867 29.5707 StemPrefixMorphs 775 1027 0.716149 137.297 Stem 477 775 0.621374 89.4363 SuffixMorph 191 837 0.262599 33.5305 SubMorph 270 1343 0.0239283 88.5369
460	1	194.975	20308.6	1857	533	494	0	0.1 PrefixMorph 137 678 0.478584 16.1168 StemPrefixMorphs 777 1027 0.690711 207.43 Stem 485 777 0.542164 126.255 SuffixMorph 184 834 0.038355 66.2682 SubMorph 274 1356 0.103463 72.0492
470	1	199.177	20339.9	1848	515	512	0	0.1 PrefixMorph 162 705 0.622739 3.40446 StemPrefixMorphs 774 1027 0.718343 98.8941 Stem 451 774 0.508759 128.223 SuffixMorph 207 842 0.11782 49.4741 SubMorph 254 1352 0.0343478 67.0225
480	1	203.373	20514.5	1849	505	522	1	0.1 PrefixMorph 181 743 0.511387 9.79409 StemPrefixMorphs 770 1027 0.689948 146.784 Stem 436 770 0.554898 87.7527 SuffixMorph 193 826 0.32025 22.5525 SubMorph 269 1306 0.0272583 94.8598
490	1	207.614	20339	1841	528	499	0	0.1 PrefixMorph 162 714 0.529029 12.0269 StemPrefixMorphs 772 1027 0.717135 142.842 Stem 452 772 0.569707 91.9816 SuffixMorph 175 837 0.144087 42.6282 SubMorph 280 1307 0.124116 80.1836
500	1	211.847	20203.5	1812	575	452	2	0.1 PrefixMorph 148 704 0.400892 12.0528 StemPrefixMorphs 769 1027 0.698532 172.839 Stem 441 769 0.473369 148.395 SuffixMorph 188 840 0.134166 54.2536 SubMorph 266 1304 0.0559471 85.3614
