# D = 1, E = 1, I = 1, P = 0, R = -1, n = 500, N = 1, P = 0, w = 1, a = 0.1, b = 1000, e = 1, f = 1, g = 10, h = 0.1, r = 1681487717, s = 1, S = 0, x = 10, m = 0, Z = 1, z = 0, T = 1, t = 1
# 10012 tokens in 1027 sentences
#
# It	Temp	Time	-logP	tables	same	changed	reject	default_pya	(parent pym pyn pya pyb)*
0	1	0.045806	31924.2	3081	0	1027	0	0.1 Prefix 1027 1027 0.1 1000 Stem 1027 1027 0.1 1000 Suffix 1027 1027 0.1 1000
10	1	1.37951	24071	1179	334	693	1	0.1 Prefix 411 1027 0.410325 82.8236 Stem 389 1027 0.143719 174.01 Suffix 379 1027 0.265709 111.41
20	1	2.60901	23669.1	1030	373	654	0	0.1 Prefix 374 1027 0.511795 55.7835 Stem 360 1027 0.188381 119.89 Suffix 296 1027 0.248562 77.5905
30	1	3.75345	23590.5	1000	354	673	0	0.1 Prefix 351 1027 0.351432 60.4359 Stem 370 1027 0.0282944 178.347 Suffix 279 1027 0.284022 37.3967
40	1	4.90695	23554.8	1033	348	679	2	0.1 Prefix 366 1027 0.415385 59.4065 Stem 351 1027 0.0416875 154.087 Suffix 316 1027 0.345049 70.8884
50	1	6.09521	23466.3	1017	331	696	0	0.1 Prefix 358 1027 0.470254 41.8247 Stem 359 1027 0.190465 113.202 Suffix 300 1027 0.275856 75.6949
60	1	7.26225	23445.4	1015	339	688	0	0.1 Prefix 358 1027 0.390668 52.8056 Stem 363 1027 0.150485 134.919 Suffix 294 1027 0.123491 98.6514
70	1	8.39707	23396.2	982	353	674	1	0.1 Prefix 339 1027 0.323682 80.5057 Stem 369 1027 0.0189973 207.517 Suffix 274 1027 0.101703 84.2315
80	1	9.55037	23381.5	1024	346	681	2	0.1 Prefix 343 1027 0.353613 68.4634 Stem 369 1027 0.115873 162.913 Suffix 312 1027 0.217429 85.082
90	1	10.6447	23259	960	378	649	0	0.1 Prefix 336 1027 0.478665 42.4654 Stem 355 1027 0.0141608 178.715 Suffix 269 1027 0.220966 61.9736
100	1	11.7251	23421.8	947	336	691	0	0.1 Prefix 340 1027 0.315002 71.1806 Stem 347 1027 0.0108779 174.653 Suffix 260 1027 0.295711 49.6127
110	1	12.8501	23231.1	951	361	666	0	0.1 Prefix 351 1027 0.394119 69.3846 Stem 346 1027 0.035421 158.405 Suffix 254 1027 0.340444 42.2825
120	1	14.0214	23382.2	993	375	652	0	0.1 Prefix 381 1027 0.386447 73.6844 Stem 359 1027 0.1011 146.491 Suffix 253 1027 0.167236 61.8857
130	1	15.119	23180.3	980	345	682	0	0.1 Prefix 351 1027 0.55248 36.9704 Stem 355 1027 0.139136 142.659 Suffix 274 1027 0.274286 52.0751
140	1	16.2464	23170.6	997	383	644	1	0.1 Prefix 355 1027 0.414889 53.8923 Stem 352 1027 0.0268787 159.627 Suffix 290 1027 0.297251 73.3308
150	1	17.3442	23178.8	963	379	648	0	0.1 Prefix 336 1027 0.383857 50.2907 Stem 363 1027 0.072891 188.436 Suffix 264 1027 0.183216 59.7299
160	1	18.4092	23312.9	981	356	671	0	0.1 Prefix 323 1027 0.346267 72.7282 Stem 365 1027 0.0782715 172.799 Suffix 293 1027 0.239151 71.445
170	1	19.5273	23280	1021	344	683	0	0.1 Prefix 374 1027 0.488758 51.854 Stem 348 1027 0.0480497 141.928 Suffix 299 1027 0.363479 46.788
180	1	20.6535	23193.5	970	366	661	0	0.1 Prefix 338 1027 0.362552 81.0006 Stem 349 1027 0.144611 137.781 Suffix 283 1027 0.35427 43.3591
190	1	21.7671	23251	979	342	685	0	0.1 Prefix 341 1027 0.361996 77.1764 Stem 368 1027 0.045395 173.097 Suffix 270 1027 0.326357 34.9891
200	1	22.8799	23014.7	946	356	671	1	0.1 Prefix 340 1027 0.328688 71.5175 Stem 357 1027 0.192352 101.11 Suffix 249 1027 0.366088 44.7314
210	1	23.9534	23285.8	955	358	669	0	0.1 Prefix 338 1027 0.270611 88.5898 Stem 357 1027 0.0663707 157.214 Suffix 260 1027 0.00294619 122.728
220	1	25.0514	23354.9	1006	364	663	0	0.1 Prefix 347 1027 0.350725 62.8136 Stem 365 1027 0.0347966 160.609 Suffix 294 1027 0.329973 44.5074
230	1	26.1529	23211.2	979	343	684	0	0.1 Prefix 338 1027 0.373474 76.9848 Stem 344 1027 0.0202518 170.278 Suffix 297 1027 0.333764 56.489
240	1	27.2636	23262	975	366	661	0	0.1 Prefix 345 1027 0.460152 39.3622 Stem 353 1027 0.00321239 156.354 Suffix 277 1027 0.303982 60.7612
250	1	28.3379	23214.2	967	344	683	0	0.1 Prefix 341 1027 0.383972 53.4925 Stem 356 1027 0.13468 141.352 Suffix 270 1027 0.225117 72.5332
260	1	29.5956	23220.6	964	370	657	0	0.1 Prefix 328 1027 0.38064 52.38 Stem 366 1027 0.156024 148.052 Suffix 270 1027 0.27256 51.2197
270	1	30.669	23279.2	971	368	659	0	0.1 Prefix 331 1027 0.337158 58.1098 Stem 365 1027 0.121494 123.905 Suffix 275 1027 0.184588 61.85
280	1	31.7718	23056.2	996	355	672	0	0.1 Prefix 343 1027 0.330393 82.4358 Stem 368 1027 0.227527 116.511 Suffix 285 1027 0.382596 42.6874
290	1	32.8722	23122.6	963	362	665	1	0.1 Prefix 354 1027 0.385731 68.7671 Stem 347 1027 0.130829 116.267 Suffix 262 1027 0.316525 50.7754
300	1	33.9942	23289	947	341	686	0	0.1 Prefix 343 1027 0.464309 37.3342 Stem 348 1027 0.0849604 159.715 Suffix 256 1027 0.0728951 80.2115
310	1	35.0822	23087.6	1019	358	669	0	0.1 Prefix 357 1027 0.48594 54.1061 Stem 359 1027 0.120323 124.932 Suffix 303 1027 0.35391 52.7032
320	1	36.205	23212	1001	366	661	0	0.1 Prefix 326 1027 0.405399 52.7801 Stem 357 1027 0.0193575 185.256 Suffix 318 1027 0.266373 78.0773
330	1	37.364	23170.5	997	375	652	1	0.1 Prefix 336 1027 0.392099 56.1812 Stem 346 1027 0.0950469 128.39 Suffix 315 1027 0.159251 93.3133
340	1	38.5078	23174.4	1016	366	661	1	0.1 Prefix 341 1027 0.323574 60.0621 Stem 357 1027 0.165606 131.923 Suffix 318 1027 0.30386 68.3416
350	1	39.5906	23154.5	953	369	658	1	0.1 Prefix 311 1027 0.436314 39.5629 Stem 371 1027 0.139171 137.949 Suffix 271 1027 0.391631 39.5264
360	1	40.6685	23208.6	992	360	667	0	0.1 Prefix 332 1027 0.398722 53.2769 Stem 363 1027 0.10565 160.297 Suffix 297 1027 0.277604 70.7911
370	1	41.7667	23210.2	958	369	658	0	0.1 Prefix 340 1027 0.450945 42.3623 Stem 352 1027 0.0530961 137.212 Suffix 266 1027 0.157246 72.3309
380	1	42.8784	23349.3	990	323	704	0	0.1 Prefix 362 1027 0.394581 60.0563 Stem 359 1027 0.0729811 136.405 Suffix 269 1027 0.238185 66.9961
390	1	43.9981	23270.5	985	348	679	0	0.1 Prefix 345 1027 0.282158 82.2988 Stem 357 1027 0.0638064 180.777 Suffix 283 1027 0.300317 55.2782
400	1	45.0953	22933.8	920	361	666	0	0.1 Prefix 336 1027 0.454392 52.2962 Stem 349 1027 0.0952655 132.883 Suffix 235 1027 0.339582 34.7057
410	1	46.1567	23047.6	937	360	667	1	0.1 Prefix 340 1027 0.444397 51.7954 Stem 359 1027 0.0204403 165.811 Suffix 238 1027 0.244107 44.0204
420	1	47.2767	23135.8	940	355	672	0	0.1 Prefix 348 1027 0.384679 66.0222 Stem 362 1027 0.168608 116.329 Suffix 230 1027 0.23735 42.36
430	1	48.3553	23127.1	913	350	677	1	0.1 Prefix 343 1027 0.295435 84.7206 Stem 346 1027 0.0595054 151.958 Suffix 224 1027 0.169274 47.1895
440	1	49.4006	23104	941	382	645	1	0.1 Prefix 352 1027 0.308085 95.885 Stem 348 1027 0.0770315 129.514 Suffix 241 1027 0.322282 35.6943
450	1	50.5112	23247.6	948	334	693	0	0.1 Prefix 319 1027 0.439482 39.5198 Stem 367 1027 0.00657029 171.413 Suffix 262 1027 0.279624 54.8627
460	1	51.5719	23087.5	975	368	659	0	0.1 Prefix 321 1027 0.445079 46.7746 Stem 351 1027 0.099468 145.064 Suffix 303 1027 0.304359 64.9654
470	1	52.6916	23169.9	1035	345	682	1	0.1 Prefix 316 1027 0.36527 69.2936 Stem 367 1027 0.156648 149.14 Suffix 352 1027 0.270438 116.437
480	1	53.8401	23091.4	979	387	640	0	0.1 Prefix 316 1027 0.36444 44.2404 Stem 351 1027 0.122647 145.499 Suffix 312 1027 0.26124 65.8776
490	1	54.939	23212	995	369	658	0	0.1 Prefix 349 1027 0.443452 71.1553 Stem 373 1027 0.0879213 162.495 Suffix 273 1027 0.391009 33.8063
500	1	56.1083	23199	1025	359	668	1	0.1 Prefix 326 1027 0.312066 62.6133 Stem 367 1027 0.0306581 180.063 Suffix 332 1027 0.356427 60.8516
