# D = 1, E = 1, I = 1, P = 0, R = -1, n = 500, N = 1, P = 0, w = 1, a = 0.1, b = 1000, e = 1, f = 1, g = 10, h = 0.1, r = 1681487060, s = 1, S = 0, x = 10, m = 0, Z = 1, z = 0, T = 1, t = 1
# 10012 tokens in 1027 sentences
#
# It	Temp	Time	-logP	tables	same	changed	reject	default_pya	(parent pym pyn pya pyb)*
0	1	0.16263	40813.2	8717	0	1027	0	0.1 Prefix 1027 1027 0.1 1000 Stem 1027 1027 0.1 1000 Suffix 1027 1027 0.1 1000 PrefixMorph 712 712 0.1 1000 SubMorph 4280 4280 0.1 1000 SuffixMorph 644 644 0.1 1000
10	1	5.20698	24347.8	2617	90	937	2	0.1 Prefix 584 1027 0.647701 46.6703 Stem 518 1027 0.394551 160.283 Suffix 715 1027 0.824671 34.4681 PrefixMorph 225 451 0.732575 7.60907 SubMorph 360 1504 0.0562442 119.111 SuffixMorph 215 652 0.256518 51.5113
20	1	9.62374	23736	2456	91	936	2	0.1 Prefix 504 1027 0.685251 43.8808 Stem 508 1027 0.333435 173.019 Suffix 777 1027 0.913902 7.84746 PrefixMorph 161 395 0.557567 24.3609 SubMorph 313 1411 0.0784697 98.3523 SuffixMorph 193 767 0.0999035 60.4822
30	1	14.0384	23648.9	2488	99	928	1	0.1 Prefix 511 1027 0.706376 37.5788 Stem 497 1027 0.334112 150.346 Suffix 838 1027 0.90646 3.33938 PrefixMorph 148 402 0.506506 20.8449 SubMorph 307 1422 0.0514656 117.51 SuffixMorph 187 783 0.0321819 68.4416
40	1	18.4497	22854.8	2519	164	863	0	0.1 Prefix 517 1027 0.742192 9.98949 Stem 498 1027 0.395235 139.616 Suffix 926 1027 0.965404 0.0733197 PrefixMorph 119 402 0.336148 19.0067 SubMorph 281 1353 0.0175256 89.5376 SuffixMorph 178 830 0.0384958 62.0094
50	1	23.031	22427.7	2414	199	828	0	0.1 Prefix 465 1027 0.777899 0.00689676 Stem 490 1027 0.311151 182.736 Suffix 910 1027 0.93575 0.014572 PrefixMorph 123 369 0.532758 8.73122 SubMorph 267 1331 0.0441943 95.5004 SuffixMorph 159 775 0.274313 25.4671
60	1	27.2762	22874.8	2372	149	878	0	0.1 Prefix 461 1027 0.760764 6.34359 Stem 530 1027 0.305733 242.239 Suffix 814 1027 0.875888 47.4764 PrefixMorph 116 315 0.23466 37.3944 SubMorph 299 1376 0.113133 86.1382 SuffixMorph 152 741 0.0892041 40.0494
70	1	31.5456	22605.4	2328	154	873	0	0.1 Prefix 436 1027 0.790898 10.9272 Stem 467 1027 0.312605 170.745 Suffix 856 1027 0.921373 0.437462 PrefixMorph 113 343 0.117484 40.2783 SubMorph 286 1336 0.000506368 109.665 SuffixMorph 170 750 0.13101 40.5052
80	1	35.8638	22499.2	2362	180	847	1	0.1 Prefix 448 1027 0.782711 4.35606 Stem 509 1027 0.357428 178.207 Suffix 866 1027 0.916964 30.3627 PrefixMorph 96 355 0.253403 12.2182 SubMorph 300 1357 0.0541254 92.2685 SuffixMorph 143 742 0.0911217 42.038
90	1	40.1038	22985.1	2212	119	908	1	0.1 Prefix 395 1027 0.680128 23.4476 Stem 505 1027 0.355619 192.297 Suffix 785 1027 0.843741 29.6942 PrefixMorph 98 359 0.291829 18.5857 SubMorph 269 1338 0.00801128 102.026 SuffixMorph 160 709 0.17997 29.6967
100	1	44.2943	22299.6	2197	205	822	1	0.1 Prefix 354 1027 0.734392 0.935475 Stem 467 1027 0.152868 216.353 Suffix 816 1027 0.895752 1.04583e-05 PrefixMorph 115 306 0.43517 18.9143 SubMorph 268 1324 0.00149304 86.1007 SuffixMorph 177 718 0.248653 35.4749
110	1	48.3528	22223.1	2246	203	824	1	0.1 Prefix 360 1027 0.699342 23.6359 Stem 498 1027 0.403813 143.181 Suffix 851 1027 0.89004 1.66957e-11 PrefixMorph 113 301 0.299458 35.4403 SubMorph 264 1335 0.00930277 91.179 SuffixMorph 160 735 0.221089 30.3242
120	1	52.5189	22709.2	2256	171	856	1	0.1 Prefix 416 1027 0.751843 0.575033 Stem 472 1027 0.215045 207.592 Suffix 793 1027 0.893953 15.3103 PrefixMorph 126 327 0.218604 38.2158 SubMorph 281 1337 0.0198421 99.606 SuffixMorph 168 746 0.286226 31.5482
130	1	56.7256	22183.3	2228	233	794	0	0.1 Prefix 320 1027 0.613971 7.62646 Stem 496 1027 0.365297 169.137 Suffix 867 1027 0.92288 1.27371e-05 PrefixMorph 114 254 0.407525 35.3496 SubMorph 274 1325 0.00857314 87.1262 SuffixMorph 157 766 0.112371 38.6527
140	1	60.9621	22223.6	2250	200	827	1	0.1 Prefix 385 1027 0.738994 4.68833e-08 Stem 493 1027 0.409277 162.455 Suffix 832 1027 0.912563 4.65272e-05 PrefixMorph 116 306 0.327548 30.9927 SubMorph 283 1313 0.0793845 95.2679 SuffixMorph 141 737 0.0748084 44.1493
150	1	65.3094	22621.4	2359	165	862	0	0.1 Prefix 472 1027 0.818462 3.00494 Stem 498 1027 0.304884 143.074 Suffix 815 1027 0.883135 39.2947 PrefixMorph 142 380 0.179077 42.3356 SubMorph 281 1350 0.126657 59.6518 SuffixMorph 151 711 0.183443 36.5618
160	1	69.7002	22352.3	2254	179	848	1	0.1 Prefix 412 1027 0.779367 2.74803e-05 Stem 509 1027 0.396428 137.442 Suffix 808 1027 0.904315 22.384 PrefixMorph 116 359 0.324895 29.8061 SubMorph 256 1340 0.0208081 93.9113 SuffixMorph 153 700 0.245734 28.2341
170	1	73.9164	22255.7	2270	171	856	0	0.1 Prefix 428 1027 0.763948 5.99524 Stem 503 1027 0.468863 88.2386 Suffix 809 1027 0.90382 22.6096 PrefixMorph 112 350 0.0353803 55.2839 SubMorph 267 1342 0.00385681 93.7654 SuffixMorph 151 712 0.106842 37.9762
180	1	78.114	21958.3	2190	201	826	1	0.1 Prefix 298 1027 0.642102 7.47616 Stem 506 1027 0.459117 114.589 Suffix 864 1027 0.930017 8.92956e-09 PrefixMorph 109 271 0.380119 22.5382 SubMorph 257 1360 0.0148534 85.6226 SuffixMorph 156 749 0.204783 23.9353
190	1	82.2814	22196.4	2294	194	833	0	0.1 Prefix 360 1027 0.712785 2.70931 Stem 508 1027 0.386822 150.087 Suffix 871 1027 0.925082 0.00372802 PrefixMorph 130 318 0.549262 18.394 SubMorph 276 1357 0.0510393 97.9037 SuffixMorph 149 724 0.0507262 48.3803
200	1	86.4628	21813.6	2289	247	780	0	0.1 Prefix 325 1027 0.75123 5.07266e-07 Stem 504 1027 0.244031 182.823 Suffix 916 1027 0.964325 3.22581e-07 PrefixMorph 129 288 0.403753 33.8894 SubMorph 265 1343 0.0936091 71.8158 SuffixMorph 150 775 0.14435 31.4165
210	1	90.6362	22237.3	2214	195	832	0	0.1 Prefix 348 1027 0.690253 11.8963 Stem 513 1027 0.365266 174.079 Suffix 822 1027 0.924822 4.34057e-05 PrefixMorph 124 297 0.377958 29.3421 SubMorph 265 1403 0.072277 75.1535 SuffixMorph 142 701 0.0593241 43.6117
220	1	95.0628	22184.8	2239	203	824	0	0.1 Prefix 317 1027 0.586999 16.7763 Stem 526 1027 0.40703 160.295 Suffix 878 1027 0.946924 2.3723 PrefixMorph 96 293 0.0879897 32.0592 SubMorph 255 1385 0.0245631 71.4686 SuffixMorph 167 760 0.374196 17.4136
230	1	99.1322	22336.3	2192	196	831	0	0.1 Prefix 295 1027 0.566366 5.98813 Stem 494 1027 0.295691 195.686 Suffix 856 1027 0.912244 0.134989 PrefixMorph 125 275 0.692369 3.72977 SubMorph 274 1342 0.150585 48.7769 SuffixMorph 148 734 0.138172 43.9022
240	1	103.117	22656.8	2109	154	873	2	0.1 Prefix 281 1027 0.639821 12.5268 Stem 499 1027 0.409587 159.601 Suffix 786 1027 0.87224 26.3477 PrefixMorph 123 257 0.467508 36.3042 SubMorph 270 1402 0.0120685 100.242 SuffixMorph 150 684 0.0117781 53.4633
250	1	107.25	22437.1	2157	138	889	0	0.1 Prefix 303 1027 0.464816 42.8283 Stem 512 1027 0.299632 190.069 Suffix 825 1027 0.930426 5.41784 PrefixMorph 117 281 0.621086 5.44893 SubMorph 267 1345 0.134122 74.7028 SuffixMorph 133 718 0.134392 31.6756
260	1	111.241	22839.1	2134	125	902	3	0.1 Prefix 353 1027 0.632339 6.90415 Stem 482 1027 0.348284 149.411 Suffix 773 1027 0.895522 0.000144089 PrefixMorph 129 297 0.611286 5.00741 SubMorph 249 1368 0.0152545 86.1589 SuffixMorph 148 713 0.273483 24.2477
270	1	115.299	22814.6	2181	111	916	0	0.1 Prefix 370 1027 0.636811 18.5025 Stem 523 1027 0.46096 126.134 Suffix 751 1027 0.847386 21.1801 PrefixMorph 94 309 0.399822 18.7883 SubMorph 298 1374 0.102809 85.5999 SuffixMorph 145 694 0.203229 25.2244
280	1	119.366	22614.7	2228	134	893	1	0.1 Prefix 404 1027 0.646167 15.5704 Stem 499 1027 0.383974 119.576 Suffix 793 1027 0.913139 0.00180329 PrefixMorph 110 318 0.363667 21.0021 SubMorph 276 1371 0.0153713 95.1571 SuffixMorph 146 702 0.0295027 51.1733
290	1	123.523	22585.2	2247	137	890	0	0.1 Prefix 389 1027 0.595609 29.56 Stem 507 1027 0.258372 200.218 Suffix 851 1027 0.937997 0.869397 PrefixMorph 86 292 0.348579 15.347 SubMorph 258 1373 0.000520624 74.8207 SuffixMorph 156 741 0.0692334 52.8745
300	1	127.618	22809.6	2191	131	896	0	0.1 Prefix 378 1027 0.545174 31.2414 Stem 495 1027 0.293143 180.236 Suffix 806 1027 0.889905 4.3938 PrefixMorph 100 327 0.254057 24.3024 SubMorph 263 1336 0.0105624 91.1022 SuffixMorph 149 698 0.0531862 45.0029
310	1	131.705	22654.5	2130	165	862	1	0.1 Prefix 331 1027 0.383535 52.0412 Stem 495 1027 0.305674 178.146 Suffix 781 1027 0.872085 6.75387 PrefixMorph 102 276 0.444938 16.398 SubMorph 267 1333 0.0907261 85.7042 SuffixMorph 154 704 0.121082 36.059
320	1	135.835	22381.9	2232	151	876	1	0.1 Prefix 298 1027 0.539067 34.016 Stem 515 1027 0.449781 127.635 Suffix 890 1027 0.932742 0.000534966 PrefixMorph 111 254 0.537639 12.6402 SubMorph 266 1373 0.0607395 89.7859 SuffixMorph 152 759 0.163418 40.0945
330	1	139.932	22559.4	2178	139	888	1	0.1 Prefix 298 1027 0.530669 15.0792 Stem 520 1027 0.522583 85.9084 Suffix 845 1027 0.90389 6.02749 PrefixMorph 99 253 0.337952 31.4187 SubMorph 254 1379 0.0597995 66.0451 SuffixMorph 162 774 0.0692776 52.0291
340	1	144.064	22621	2197	158	869	2	0.1 Prefix 357 1027 0.615191 22.199 Stem 485 1027 0.251273 190.904 Suffix 788 1027 0.927293 5.2427 PrefixMorph 121 266 0.657206 7.02213 SubMorph 276 1353 0.0757304 89.1708 SuffixMorph 170 769 0.248371 30.2614
350	1	148.084	22349.3	2130	166	861	1	0.1 Prefix 285 1027 0.374407 36.5914 Stem 499 1027 0.438998 120.381 Suffix 832 1027 0.914538 0.192141 PrefixMorph 103 227 0.754478 1.13146e-12 SubMorph 261 1340 0.125165 65.5006 SuffixMorph 150 784 0.0846718 43.0893
360	1	152.124	22337	2140	198	829	0	0.1 Prefix 294 1027 0.642481 3.52712 Stem 492 1027 0.390275 157.405 Suffix 854 1027 0.902346 3.73013 PrefixMorph 100 278 0.523785 11.0061 SubMorph 259 1357 0.0279697 83.4499 SuffixMorph 141 752 0.259362 27.5866
370	1	156.224	21563.5	2174	222	805	0	0.1 Prefix 289 1027 0.663822 0.00260431 Stem 517 1027 0.377686 167.315 Suffix 893 1027 0.936696 0.000367391 PrefixMorph 104 255 0.340179 23.5542 SubMorph 238 1385 0.0662557 66.0085 SuffixMorph 133 714 0.0993833 46.3859
380	1	160.331	22296.1	2222	177	850	3	0.1 Prefix 376 1027 0.744919 0.0330798 Stem 491 1027 0.346654 153.119 Suffix 825 1027 0.897189 35.5337 PrefixMorph 134 322 0.6202 6.9581 SubMorph 242 1406 0.0950961 68.4435 SuffixMorph 154 684 0.105379 56.6771
390	1	164.547	22416.6	2213	179	848	1	0.1 Prefix 340 1027 0.611561 13.5399 Stem 479 1027 0.377523 131.828 Suffix 869 1027 0.939708 0.0672931 PrefixMorph 102 279 0.504144 10.5519 SubMorph 270 1345 0.112622 84.2986 SuffixMorph 153 753 0.2751 22.3151
400	1	168.767	22012.8	2374	215	812	2	0.1 Prefix 429 1027 0.681004 13.0222 Stem 500 1027 0.342701 162.6 Suffix 950 1027 0.968972 0.000435942 PrefixMorph 118 343 0.697637 0.777289 SubMorph 251 1380 0.0116783 85.241 SuffixMorph 126 765 0.0724406 35.6978
410	1	173.124	22107.6	2262	202	825	0	0.1 Prefix 347 1027 0.758209 0.419234 Stem 512 1027 0.408812 142.475 Suffix 884 1027 0.916271 32.1217 PrefixMorph 113 295 0.594011 10.7811 SubMorph 271 1372 0.0374875 89.7827 SuffixMorph 135 727 0.0232924 49.1269
420	1	177.386	22334.2	2218	139	888	3	0.1 Prefix 344 1027 0.633155 12.3253 Stem 500 1027 0.343789 151.154 Suffix 846 1027 0.90769 2.72148e-07 PrefixMorph 107 283 0.406478 9.77224 SubMorph 256 1331 0.0392386 89.1599 SuffixMorph 165 749 0.208673 39.4973
430	1	181.566	22152.4	2200	189	838	2	0.1 Prefix 305 1027 0.474527 23.5821 Stem 491 1027 0.384228 155.879 Suffix 864 1027 0.944543 0.00103549 PrefixMorph 108 259 0.44127 16.8299 SubMorph 295 1330 0.22579 63.6921 SuffixMorph 137 719 0.0699894 35.1504
440	1	185.758	22118.1	2240	205	822	4	0.1 Prefix 316 1027 0.66166 19.4822 Stem 499 1027 0.352504 159.053 Suffix 894 1027 0.913711 37.4073 PrefixMorph 98 259 0.307741 22.296 SubMorph 266 1336 0.000769002 95.8526 SuffixMorph 167 730 0.430837 14.6407
450	1	189.967	22724.2	2141	160	867	0	0.1 Prefix 287 1027 0.460817 29.7905 Stem 507 1027 0.38405 148.419 Suffix 829 1027 0.888027 42.1965 PrefixMorph 98 242 0.389064 25.18 SubMorph 264 1390 0.00158867 99.4921 SuffixMorph 156 693 0.334684 19.9973
460	1	194.15	22241.9	2184	177	850	1	0.1 Prefix 273 1027 0.620162 6.47857 Stem 501 1027 0.366404 156.521 Suffix 875 1027 0.92254 4.51875e-10 PrefixMorph 107 240 0.626966 2.80898 SubMorph 266 1366 0.000907922 97.5102 SuffixMorph 162 734 0.16027 39.2012
470	1	198.151	22657.8	2199	141	886	3	0.1 Prefix 352 1027 0.689104 5.779 Stem 499 1027 0.434899 114.825 Suffix 789 1027 0.873665 5.0416 PrefixMorph 119 323 0.525214 17.5627 SubMorph 284 1326 0.0433991 94.4641 SuffixMorph 156 699 0.19635 34.3526
480	1	202.128	22372.7	2154	152	875	2	0.1 Prefix 305 1027 0.466028 30.228 Stem 487 1027 0.451704 118.638 Suffix 855 1027 0.928813 4.94237 PrefixMorph 119 293 0.579209 10.3305 SubMorph 251 1349 0.00881065 79.067 SuffixMorph 137 716 0.106141 39.7536
490	1	206.214	22667.1	2226	143	884	2	0.1 Prefix 317 1027 0.509648 35.9324 Stem 466 1027 0.237203 204.499 Suffix 866 1027 0.896744 15.8262 PrefixMorph 107 273 0.63864 1.74127 SubMorph 299 1328 0.170527 92.1904 SuffixMorph 171 738 0.188597 53.861
500	1	210.33	22300.2	2181	181	846	0	0.1 Prefix 316 1027 0.497667 25.6376 Stem 499 1027 0.377903 159.114 Suffix 839 1027 0.95649 0.451694 PrefixMorph 104 275 0.560244 9.91075 SubMorph 274 1343 0.144034 67.924 SuffixMorph 149 737 0.0795449 38.0794
