# D = 1, E = 1, I = 1, P = 0, R = -1, n = 500, N = 1, P = 0, w = 1, a = 0.1, b = 1000, e = 1, f = 1, g = 10, h = 0.1, r = 1681487310, s = 1, S = 0, x = 10, m = 0, Z = 1, z = 0, T = 1, t = 1
# 10012 tokens in 1027 sentences
#
# It	Temp	Time	-logP	tables	same	changed	reject	default_pya	(parent pym pyn pya pyb)*
0	1	0.200507	42480.8	8188	0	1027	0	0.1 Compound 1654 1654 0.1 1000 Stem 584 584 0.1 1000 PrefixMorph 849 849 0.1 1000 SuffixMorph 860 860 0.1 1000 SubMorph 4241 4241 0.1 1000
10	1	5.74245	24804.9	2347	288	739	2	0.1 Compound 1137 2131 0.438481 309.199 Stem 159 199 0.912063 2.73276e-12 PrefixMorph 248 495 0.530316 26.3503 SuffixMorph 463 873 0.53617 79.4774 SubMorph 340 1327 0.0521215 130.443
20	1	10.9897	24422	2305	256	771	2	0.1 Compound 1182 2104 0.416087 344.497 Stem 176 193 0.98146 3.45542e-05 PrefixMorph 208 527 0.32404 48.868 SuffixMorph 421 864 0.470168 92.473 SubMorph 318 1322 0.0696323 97.8272
30	1	16.2293	24163.6	2285	263	764	2	0.1 Compound 1229 2044 0.623485 201.022 Stem 57 102 0.737291 5.22391e-08 PrefixMorph 217 466 0.520178 22.8761 SuffixMorph 493 1138 0.460066 94.589 SubMorph 289 1300 0.0989325 78.234
40	1	21.4282	24054.2	2189	285	742	2	0.1 Compound 1172 1990 0.540655 280.907 Stem 34 68 0.464897 2.62333 PrefixMorph 168 432 0.519835 12.3232 SuffixMorph 548 1243 0.499384 81.139 SubMorph 267 1228 0.00379232 95.394
50	1	26.6704	23591.4	2213	306	721	2	0.1 Compound 1189 1929 0.614399 229.855 Stem 41 50 0.949196 0.589729 PrefixMorph 161 404 0.426065 40.2226 SuffixMorph 559 1260 0.555534 56.4275 SubMorph 263 1335 0.00375778 94.7532
60	1	31.896	23498.3	2168	315	712	0	0.1 Compound 1189 1979 0.600979 238.581 Stem 26 36 0.879889 6.63496e-06 PrefixMorph 100 339 0.429636 9.65404 SuffixMorph 588 1330 0.581247 65.0601 SubMorph 265 1257 0.0787355 72.7447
70	1	37.0274	23540.8	2123	315	712	1	0.1 Compound 1186 1932 0.527546 330.156 Stem 8 31 0.14614 0.434337 PrefixMorph 124 383 0.112453 44.4388 SuffixMorph 560 1439 0.381671 105.42 SubMorph 245 1144 0.0347114 82.1476
80	1	41.9802	23286.8	2079	309	718	1	0.1 Compound 1125 1996 0.524685 233.387 Stem 11 15 0.784806 0.00259549 PrefixMorph 121 377 0.363032 20.5298 SuffixMorph 551 1305 0.50176 82.4584 SubMorph 271 1106 0.281459 52.1867
90	1	47.0187	23371.2	2070	355	672	4	0.1 Compound 1112 1953 0.583747 247.323 Stem 77 77 0.99891 0.997683 PrefixMorph 165 405 0.212242 69.7106 SuffixMorph 475 1226 0.458524 76.1244 SubMorph 241 1183 0.00796118 87.2583
100	1	52.1046	23393.6	2086	344	683	2	0.1 Compound 1139 1894 0.580977 221.255 Stem 17 18 0.901896 0.0204721 PrefixMorph 134 427 0.256647 29.708 SuffixMorph 548 1386 0.38007 96.2709 SubMorph 248 1169 0.0165798 90.3448
110	1	57.0906	23303.2	2060	356	671	0	0.1 Compound 1142 1829 0.638725 180.975 Stem 6 8 0.798939 8.028e-10 PrefixMorph 151 406 0.569112 8.57428 SuffixMorph 529 1474 0.354514 107.495 SubMorph 232 1173 0.0495581 73.1917
120	1	62.0586	23208.1	2011	365	662	0	0.1 Compound 1106 1900 0.548796 204.821 Stem 2 7 0.446595 0.000331156 PrefixMorph 166 476 0.440567 23.6078 SuffixMorph 489 1273 0.309496 119.197 SubMorph 248 1158 0.130966 66.5138
130	1	67.1072	23557.2	2140	325	702	1	0.1 Compound 1164 1935 0.527455 311.679 Stem 0 0 0.221924 0.00545021 PrefixMorph 155 466 0.550069 6.95205 SuffixMorph 554 1321 0.474325 82.5606 SubMorph 267 1210 0.0514535 87.6482
140	1	72.3138	23468.6	2168	340	687	1	0.1 Compound 1179 1886 0.512194 385.165 Stem 4 6 0.651236 0.385581 PrefixMorph 139 430 0.376295 39.5652 SuffixMorph 586 1353 0.600078 32.6991 SubMorph 260 1248 0.00248555 86.3047
150	1	77.4065	23480	2157	353	674	2	0.1 Compound 1146 1940 0.483615 343.612 Stem 1 1 0.0401854 0.12872 PrefixMorph 123 419 0.0745273 48.7744 SuffixMorph 616 1335 0.645794 45.7005 SubMorph 271 1214 0.0316233 96.5045
160	1	82.5724	23444.8	2146	317	710	0	0.1 Compound 1169 1942 0.563887 251.518 Stem 0 0 0.662112 0.0266676 PrefixMorph 147 473 0.0189368 79.6665 SuffixMorph 547 1299 0.525043 66.6695 SubMorph 283 1165 0.170209 86.1712
170	1	87.6849	23627.8	2101	333	694	0	0.1 Compound 1152 1957 0.602059 248.306 Stem 2 2 0.944635 0.344463 PrefixMorph 158 499 0.348437 33.2574 SuffixMorph 556 1266 0.511126 79.6713 SubMorph 233 1221 0.0255584 91.7564
180	1	92.9127	23489.9	2220	335	692	1	0.1 Compound 1220 1880 0.585758 282.558 Stem 19 23 0.748016 0.00226292 PrefixMorph 229 611 0.543444 22.2013 SuffixMorph 463 1212 0.484699 71.2571 SubMorph 289 1252 0.171279 69.1105
190	1	98.2774	23430.2	2168	293	734	1	0.1 Compound 1227 1927 0.562104 323.137 Stem 119 128 0.929873 0.909871 PrefixMorph 129 424 0.336835 21.5406 SuffixMorph 421 1245 0.372547 76.0335 SubMorph 272 1195 0.0701486 97.639
200	1	103.489	23361	2145	319	708	2	0.1 Compound 1193 1908 0.63248 206.537 Stem 20 25 0.323674 10.2204 PrefixMorph 187 589 0.417434 23.1596 SuffixMorph 489 1174 0.538556 49.84 SubMorph 256 1244 0.0266346 81.8203
210	1	108.593	23320.6	2195	326	701	1	0.1 Compound 1211 1881 0.674544 192.792 Stem 5 16 0.224053 9.23729e-06 PrefixMorph 187 577 0.353726 35.0042 SuffixMorph 552 1253 0.465652 100.654 SubMorph 240 1279 0.183719 49.7844
220	1	113.796	23305.6	2173	329	698	6	0.1 Compound 1212 1902 0.640714 227.312 Stem 1 2 0.415302 2.51071e-08 PrefixMorph 150 562 0.177137 40.2778 SuffixMorph 574 1265 0.573994 60.245 SubMorph 236 1261 0.196958 38.6125
230	1	118.889	23332.3	2157	347	680	2	0.1 Compound 1158 1833 0.582381 276.924 Stem 2 3 0.63251 9.43921e-08 PrefixMorph 186 632 0.294527 37.9759 SuffixMorph 550 1177 0.532579 103.679 SubMorph 261 1294 0.0855699 85.2519
240	1	124.19	23167.6	2164	315	712	1	0.1 Compound 1207 1803 0.618355 258.64 Stem 0 0 0.107127 9.21507e-14 PrefixMorph 169 598 0.145583 49.9184 SuffixMorph 541 1313 0.511185 62.0546 SubMorph 247 1205 0.126643 73.1752
250	1	129.318	23372.1	2194	319	708	0	0.1 Compound 1201 1834 0.581134 345.489 Stem 11 11 0.998475 0.1789 PrefixMorph 206 743 0.28958 40.2513 SuffixMorph 524 1118 0.55648 75.9199 SubMorph 252 1291 0.123846 63.0307
260	1	134.473	23171.3	2145	352	675	0	0.1 Compound 1172 1910 0.569203 232.695 Stem 7 16 0.405398 0.707764 PrefixMorph 156 529 0.325285 31.8253 SuffixMorph 562 1198 0.698724 24.3638 SubMorph 248 1263 0.154865 47.4631
270	1	139.779	23245	2195	356	671	1	0.1 Compound 1152 1915 0.53891 317.422 Stem 6 12 0.590692 0.000531882 PrefixMorph 170 556 0.160496 53.3914 SuffixMorph 601 1193 0.59452 112.387 SubMorph 266 1247 0.172038 69.5728
280	1	144.896	23453.7	2172	343	684	2	0.1 Compound 1195 1920 0.588463 249.631 Stem 7 7 0.937039 1.64967e-08 PrefixMorph 178 585 0.204938 48.9962 SuffixMorph 547 1222 0.632064 52.3688 SubMorph 245 1266 0.0780049 71.4962
290	1	149.961	23408.9	2195	326	701	1	0.1 Compound 1184 1895 0.514763 369.407 Stem 7 7 0.98488 0.118903 PrefixMorph 163 586 0.174787 42.2981 SuffixMorph 592 1237 0.565502 93.9299 SubMorph 249 1263 0.283806 44.3168
300	1	155	23236.2	2164	318	709	3	0.1 Compound 1174 1913 0.547764 320.873 Stem 2 3 0.23728 9.57016e-05 PrefixMorph 176 614 0.149639 74.8441 SuffixMorph 559 1181 0.548801 65.4085 SubMorph 253 1237 0.0933296 73.828
310	1	160.177	23403.6	2151	325	702	1	0.1 Compound 1207 1976 0.550999 338.553 Stem 2 3 0.0740043 0.917417 PrefixMorph 208 727 0.444855 29.8555 SuffixMorph 508 1075 0.546418 72.0468 SubMorph 226 1187 0.15541 54.4351
320	1	165.38	23619.6	2227	308	719	1	0.1 Compound 1218 1923 0.572611 273.103 Stem 6 6 0.485578 0.1778 PrefixMorph 268 792 0.453241 54.783 SuffixMorph 457 1038 0.486754 81.0165 SubMorph 278 1227 0.160416 66.0533
330	1	170.67	23452.8	2206	311	716	1	0.1 Compound 1223 1901 0.573058 326.562 Stem 1 1 0.31121 0.00916971 PrefixMorph 299 798 0.477569 47.3345 SuffixMorph 412 1034 0.499992 57.3456 SubMorph 271 1222 0.179952 76.3414
340	1	175.775	23211.8	2135	328	699	0	0.1 Compound 1212 1896 0.522109 363.236 Stem 2 3 0.797687 0.0818202 PrefixMorph 199 680 0.295565 34.2687 SuffixMorph 466 1116 0.559646 46.9568 SubMorph 256 1204 0.140348 70.9702
350	1	180.89	23248.1	2147	333	694	2	0.1 Compound 1220 1926 0.525978 340.468 Stem 7 7 0.972855 0.0350465 PrefixMorph 214 681 0.424727 35.8616 SuffixMorph 485 1161 0.443063 90.6554 SubMorph 221 1179 0.114781 57.3779
360	1	185.994	23265.1	2193	321	706	2	0.1 Compound 1182 1922 0.61926 223.883 Stem 6 7 0.794965 2.31145e-05 PrefixMorph 204 616 0.463628 23.5771 SuffixMorph 528 1143 0.57815 60.5194 SubMorph 273 1248 0.284222 51.7535
370	1	191.224	23307	2175	321	706	3	0.1 Compound 1184 1909 0.527506 328.847 Stem 7 7 0.366863 0.0385652 PrefixMorph 234 680 0.461598 27.9101 SuffixMorph 508 1101 0.447041 107.792 SubMorph 242 1219 0.177083 52.5211
380	1	196.463	23339.6	2135	340	687	1	0.1 Compound 1170 1873 0.54833 310.313 Stem 3 4 0.387826 0.0771813 PrefixMorph 274 778 0.458089 36.8844 SuffixMorph 440 1051 0.464346 86.0729 SubMorph 248 1221 0.0610955 79.1043
390	1	201.552	23304.3	2207	304	723	1	0.1 Compound 1211 1870 0.64199 232.757 Stem 1 1 0.664629 0.0267345 PrefixMorph 279 806 0.521062 24.9215 SuffixMorph 455 1069 0.51276 69.1792 SubMorph 261 1240 0.238932 46.5342
400	1	206.718	23188.2	2184	309	718	0	0.1 Compound 1210 1872 0.60741 227.352 Stem 6 13 0.900019 0.311183 PrefixMorph 302 822 0.518 29.7607 SuffixMorph 431 1018 0.495718 63.4538 SubMorph 235 1244 0.133807 62.1062
410	1	211.883	23458.5	2175	311	716	1	0.1 Compound 1208 1932 0.608519 233.923 Stem 1 1 0.712122 0.000234527 PrefixMorph 317 787 0.518802 38.2355 SuffixMorph 412 1024 0.454651 74.4105 SubMorph 237 1221 0.150618 57.8433
420	1	217.068	23485.7	2129	329	698	0	0.1 Compound 1161 1935 0.534433 243.529 Stem 86 86 0.99418 3.0016e-08 PrefixMorph 286 743 0.529104 29.616 SuffixMorph 334 846 0.287774 90.2244 SubMorph 262 1304 0.0373279 86.1868
430	1	222.12	23303.4	2115	355	672	1	0.1 Compound 1148 1836 0.549955 311.881 Stem 17 18 0.871553 1.25698e-05 PrefixMorph 316 829 0.493406 46.9874 SuffixMorph 380 978 0.315104 114.883 SubMorph 254 1238 0.146864 65.732
440	1	227.186	23354.3	2126	353	674	1	0.1 Compound 1205 1930 0.575622 249.231 Stem 3 3 0.601699 3.38395e-05 PrefixMorph 301 881 0.332894 76.3604 SuffixMorph 359 938 0.487919 57.977 SubMorph 258 1151 0.161114 79.8571
450	1	232.376	23530.9	2197	316	711	0	0.1 Compound 1202 1878 0.635668 227.986 Stem 5 5 0.873258 0.000284517 PrefixMorph 299 836 0.333393 67.6936 SuffixMorph 437 1044 0.470175 77.1801 SubMorph 254 1231 0.0210405 81.0549
460	1	237.763	23359	2293	294	733	1	0.1 Compound 1279 1843 0.643636 311.342 Stem 1 1 0.76158 0.714499 PrefixMorph 340 973 0.497549 22.3308 SuffixMorph 414 944 0.630783 21.1722 SubMorph 259 1303 0.0994065 71.6617
470	1	243.084	23397.9	2229	316	711	0	0.1 Compound 1244 1883 0.580805 302.971 Stem 2 10 0.439426 0.00357642 PrefixMorph 242 799 0.00932365 100.511 SuffixMorph 497 1061 0.609498 51.1862 SubMorph 244 1274 0.0305376 85.1895
480	1	248.403	23642.4	2240	325	702	0	0.1 Compound 1197 1878 0.649568 223.108 Stem 4 7 0.733702 0.00640829 PrefixMorph 247 776 0.367745 42.4508 SuffixMorph 511 1072 0.603109 61.7686 SubMorph 281 1279 0.0257849 104.021
490	1	253.539	23461.1	2132	319	708	2	0.1 Compound 1190 1884 0.572038 322.021 Stem 4 10 0.290371 0.156195 PrefixMorph 252 813 0.293565 57.0409 SuffixMorph 441 1033 0.552138 41.8894 SubMorph 245 1188 0.181896 41.075
500	1	258.667	23439.7	2148	326	701	2	0.1 Compound 1168 1937 0.503478 389.544 Stem 25 25 0.984795 0.356234 PrefixMorph 244 791 0.239873 57.5283 SuffixMorph 455 949 0.50024 101.488 SubMorph 256 1212 0.0872474 68.387
